10000
291 9986
813 5406
768 6995
603 614
468 8108
710 2197
235 40
370 5609
921 2264
78 4051
535 9867
922 980
510 7189
240 2592
346 2780
669 5069
976 3973
681 7828
815 6651
18 7647
955 7320
789 9401
13 9818
29 3360
35 6111
153 8918
566 6312
610 7243
6 8329
169 7620
432 4087
301 727
584 3208
451 6364
270 4534
748 2573
549 7164
338 2310
559 2806
322 565
690 1765
466 2618
565 1033
988 664
211 1556
217 914
158 5693
455 14
460 3226
211 5269
774 3108
903 8016
787 6598
796 1708
465 3118
544 7510
348 6138
522 6832
732 6412
344 7417
171 3590
111 728
748 782
699 9074
797 3115
985 1471
477 4405
676 1864
198 9960
613 347
555 1953
945 4373
723 911
551 2774
316 2947
527 2304
192 7488
411 936
851 5339
457 4227
402 1915
542 1162
380 5241
812 6854
661 6897
732 9587
702 7407
412 1009
93 4275
659 4622
843 3948
23 3804
481 5488
837 5425
393 8418
601 9777
26 2554
145 8566
348 4017
549 1240
351 7585
721 1301
888 9432
994 202
180 6421
732 3062
859 3929
794 1294
237 5240
293 3987
536 9749
195 2685
711 2728
641 6051
76 6987
401 3664
814 1032
389 6943
75 3852
153 3120
71 3863
132 8048
355 9113
183 5412
718 6694
132 1598
319 2179
399 8629
384 6534
256 7090
308 7913
71 5981
450 2726
126 8371
238 8524
842 2579
94 5464
434 6827
986 7165
806 6463
164 8860
232 7683
205 8188
582 4795
678 7906
245 9601
579 8393
927 2447
817 9292
38 5296
265 9238
878 771
362 5128
630 9111
827 6771
575 592
773 3737
795 6592
221 8560
878 7150
335 1182
912 7026
580 9533
545 4854
324 4248
203 7046
324 892
68 7280
817 8920
792 6453
395 460
314 1045
154 8349
139 9190
524 4015
201 8622
164 8169
146 9380
804 3492
213 7250
220 2812
727 5013
839 4205
483 8155
509 4102
553 5539
987 8105
119 7168
812 6488
450 9942
27 7417
406 1259
262 9139
689 8775
964 1102
956 132
695 342
417 4429
955 5384
789 4994
788 6531
999 9171
259 9624
87 9184
962 2794
319 2543
370 5247
933 213
532 428
927 6699
749 4091
284 7866
327 4840
513 47
534 6783
921 4983
984 8736
884 6467
668 763
80 7333
91 1668
490 5281
530 8335
350 8188
5 8116
586 8992
853 4732
295 4774
499 4337
671 8729
922 6962
975 7273
472 4892
798 3429
36 8097
868 2847
665 6196
484 9740
930 8347
121 7137
163 5515
220 8118
806 9263
780 5254
699 9377
36 9181
5 1743
72 6520
124 7415
919 3816
629 4954
826 7247
115 9372
979 2256
617 9026
687 2162
333 4274
84 3566
999 3638
979 6220
71 2025
422 7514
65 5911
50 756
388 1793
182 8508
846 7222
322 6963
697 1403
16 6013
9 8516
414 929
372 631
370 7078
328 4255
620 8311
39 7415
326 3599
117 6683
255 8717
728 1018
787 3121
383 2790
348 5581
652 9569
116 2756
409 9521
592 2813
750 3180
558 352
865 9884
247 1015
707 9916
53 1774
289 1641
149 2308
529 6642
958 9943
120 9112
672 3771
338 4590
534 8259
834 1881
740 1702
492 7472
776 8379
954 6076
124 7676
548 7913
786 1111
934 8403
782 1895
493 1305
296 7455
33 4797
343 7311
805 4946
494 2828
314 988
137 3004
943 7555
601 119
875 7215
763 487
272 525
357 5288
882 2024
89 3368
742 2096
183 759
787 9222
567 952
779 6349
28 2318
690 3066
841 6687
166 2501
447 9412
573 4982
453 6694
633 8472
646 738
183 8456
134 742
378 7414
653 8945
324 9922
938 2246
190 4720
808 7545
843 5604
724 9695
384 8742
564 5906
798 9327
729 6987
782 1178
133 9206
963 8691
541 4017
363 8010
544 4588
430 4625
742 9065
781 6313
18 1661
867 3865
496 7933
863 3750
486 4097
728 5035
790 4261
991 4819
114 1682
320 2633
207 5161
864 9406
506 4600
16 1635
629 3697
496 3562
42 906
396 6985
950 5415
658 9862
647 3570
258 4875
918 9987
180 99
406 5048
141 3115
74 9214
897 6849
658 5557
994 2120
502 495
31 1810
289 2672
981 8531
695 8559
354 1348
366 8308
364 5614
368 9991
885 2586
607 1143
794 8135
416 5136
319 1107
568 4147
156 8752
841 5793
714 7713
333 432
886 7754
705 5460
669 2562
443 3830
438 4676
996 7584
403 89
703 9871
999 7855
967 5967
488 8165
188 1682
790 3804
478 5545
682 1399
176 2088
311 1755
470 6006
436 3375
439 2714
32 7644
475 4895
572 2318
397 1664
812 4945
57 8460
942 6485
287 6834
32 9386
366 1734
509 9172
73 298
777 8631
221 7765
288 4891
288 3231
722 8313
387 3138
34 827
945 9242
513 3871
853 9989
647 3349
279 9076
122 4236
191 2584
117 1368
448 7301
258 9374
198 1377
272 5446
792 5253
797 7800
902 187
99 303
483 6270
591 6248
955 1292
765 7907
694 1287
933 5137
747 4495
265 8019
237 3913
588 1281
769 9546
523 7520
805 4172
79 4858
642 4072
353 9306
107 5226
996 9452
219 8528
551 5505
282 8042
288 1144
24 9019
977 6710
56 6502
229 3647
526 3105
243 4810
993 181
98 9872
705 3387
35 4812
545 4832
826 7372
686 8033
397 9934
357 2831
226 1379
216 9260
93 272
874 8812
559 759
358 5156
879 786
187 3278
309 168
74 803
233 9973
102 2366
640 374
434 2975
783 698
550 2149
93 8818
770 6307
437 5584
305 3691
857 3675
703 8325
543 618
755 6473
888 4260
397 4816
875 966
168 7606
814 9036
881 810
773 2725
565 6764
888 1347
286 6702
833 9112
927 580
427 4986
211 9203
28 2016
129 1172
75 7043
882 5554
778 7997
681 7687
332 6940
369 9811
464 3087
658 4869
939 4871
853 3887
905 8535
594 1957
429 3141
800 3694
580 7318
709 2705
214 7285
313 5993
236 7804
232 513
2 6168
892 9352
206 6377
550 9294
303 1407
117 1492
414 2206
196 9632
680 5050
656 9686
121 9723
472 4767
193 4026
691 5061
363 2113
308 7333
761 5087
25 3467
369 8465
535 4857
970 137
407 2047
527 2411
508 5364
306 8810
90 9595
313 5503
992 3838
469 7314
862 9255
206 1102
607 2065
175 6961
736 7899
631 8905
895 6772
950 8103
276 6383
899 6575
762 8657
308 7366
854 7869
534 114
735 6622
448 5693
628 877
452 7634
665 9702
702 3278
697 9048
410 8736
988 4497
105 7864
667 8277
524 9179
30 8039
583 8813
941 573
607 3925
124 5680
452 5036
332 5465
63 6269
480 6997
797 5734
933 8738
961 597
840 7039
325 8188
667 2495
513 9581
137 9942
442 1406
965 2489
772 486
798 4690
232 6717
270 2202
934 6031
469 8157
523 105
826 1129
84 1258
242 5310
129 5363
550 3646
691 7975
697 7150
389 1707
255 1827
253 8055
327 1798
44 3202
522 656
426 2249
401 8078
122 3224
138 4781
396 3487
10 2158
245 6190
531 7715
688 1080
472 1999
776 2691
924 3962
387 3158
255 6234
504 2570
552 651
233 6201
115 7528
305 6994
307 6334
519 6962
528 8111
369 9019
635 1468
753 6992
901 5098
3 1495
771 6126
748 3589
836 8272
940 4501
960 507
460 4801
386 3803
321 5910
63 6477
974 5412
101 7618
837 6604
476 5211
999 4127
415 2974
854 5365
92 8591
346 2787
39 2599
8 883
626 7297
324 9856
376 4951
728 7958
269 7016
530 4150
903 6005
290 2415
879 5423
528 2294
920 5866
138 4942
599 7869
483 4320
673 4783
93 8708
495 6443
432 3670
140 7612
544 4433
661 2641
866 454
240 1130
238 4438
157 9144
630 8915
552 2400
245 2227
876 6008
417 172
560 2729
409 4441
70 1179
600 5074
166 9067
591 567
247 5447
126 6774
558 6688
635 272
101 8630
96 7288
37 63
617 2259
75 9601
595 9304
366 3155
918 4352
526 6591
380 2199
735 7234
751 5353
251 4794
78 5973
131 2374
256 2541
679 9130
950 2787
128 7592
941 2029
732 4070
785 4162
690 5614
595 3627
841 4617
140 4290
957 1651
391 3381
970 3578
626 9155
998 6254
452 7517
835 7586
760 3830
714 5993
57 3219
160 6073
395 6268
28 7627
744 1688
374 5672
808 2884
210 3069
255 2780
98 9063
898 8576
431 4920
497 8768
641 6352
7 4576
593 2419
893 7748
45 3321
186 7876
348 3017
5 9689
381 380
800 2542
420 8464
71 9759
597 9266
598 4940
342 5170
439 3223
257 2850
993 7905
239 8071
785 6609
525 486
428 6076
978 4615
378 1373
839 1221
533 7406
813 3356
303 4909
386 6217
695 6824
812 141
324 9120
171 4234
503 8809
651 4644
317 9304
167 6336
851 9155
455 839
904 5428
610 3588
85 4662
676 4241
919 9238
305 8718
748 2658
23 3946
881 3453
976 7447
666 7225
741 8857
434 9450
939 1799
293 585
641 9880
973 9198
968 4839
786 9733
905 8496
320 8730
786 48
212 316
145 6039
167 7341
774 3209
513 5199
173 8488
38 728
433 2347
948 9998
98 1835
27 348
607 4032
731 827
732 1111
745 6313
981 6927
705 7477
904 7494
924 8320
463 8368
820 8524
691 2048
451 7568
185 685
871 7539
881 446
888 4908
273 9214
720 6696
973 9736
977 2227
354 1979
922 9165
478 5894
210 9398
866 444
603 8769
639 6289
920 7220
412 8588
422 7158
733 9154
198 2576
629 5792
161 1580
733 2242
970 872
850 9972
895 20
34 6215
528 6991
439 3342
382 8141
514 204
365 3683
360 647
729 297
40 7848
340 5718
923 8696
558 5015
714 6068
955 1289
379 1770
441 218
324 5849
166 395
638 8116
221 6656
698 8223
562 973
279 2624
241 9162
602 3775
354 6432
555 6566
31 8250
438 5120
764 2132
23 5853
78 2463
660 77
204 4058
439 2208
977 8906
225 8668
391 7330
376 8694
548 1915
129 4375
664 5389
741 392
389 5396
144 8437
165 1339
997 1582
175 8579
155 6017
658 9325
594 6129
368 7163
574 3969
348 8483
946 4665
692 6203
102 7920
959 557
834 4991
374 804
264 68
399 4061
469 1403
197 3543
919 7686
545 9427
48 3543
284 3955
753 3712
9 654
807 4281
303 3946
106 7818
925 6817
872 924
548 1980
118 2187
104 458
903 726
679 3689
778 493
455 1499
15 1314
588 9507
626 5000
519 7461
743 6631
39 5416
787 2613
556 1319
929 7421
518 3147
66 1068
122 114
459 9726
429 8715
154 213
694 8999
521 2946
712 793
969 4153
949 1158
544 3793
315 1590
651 1345
730 3792
228 8228
436 4673
356 8165
588 3061
377 6883
335 2460
377 3310
285 1014
69 3799
976 4519
983 3811
234 3875
715 1769
395 8482
793 4351
673 253
289 4960
678 2174
365 2424
501 8804
66 8741
837 4092
582 6424
564 2936
339 4514
540 908
530 8151
616 9803
305 13
943 1006
893 5949
408 4141
536 4257
612 2947
531 2868
967 2477
860 3716
479 9563
417 7523
59 6846
547 3249
20 6008
588 2835
134 2238
776 6959
848 7304
319 1981
623 5023
537 7399
327 5230
440 8745
170 5202
489 6865
437 8074
306 6607
426 2038
365 4118
488 9387
179 9417
541 6172
506 2270
772 4338
519 9662
142 1221
292 1490
13 7873
755 5623
4 7442
872 6938
24 3655
858 6301
689 6914
73 5360
497 1317
721 5959
547 4678
278 4906
261 3211
150 7552
14 1071
865 818
776 267
276 3102
878 3789
625 8033
159 7315
575 8123
144 2064
800 2654
942 4790
701 4143
97 1066
460 5123
73 1075
106 7299
709 7179
761 776
422 2827
211 2126
729 2675
948 9621
657 1999
275 4155
672 6754
849 2962
958 2831
63 160
48 8122
852 5770
970 9563
381 3207
917 7962
75 9202
913 4899
680 9048
923 1172
481 230
648 9722
349 3691
496 1335
403 4588
267 8494
776 7626
927 5412
502 7949
503 9281
670 7900
660 3245
990 9074
896 1059
395 7547
990 1312
528 36
67 7092
12 5069
31 8991
168 5226
196 7445
46 3757
197 8090
755 6910
840 3094
605 131
4 514
972 7575
595 8601
252 8486
273 7463
922 5903
394 3645
250 7456
167 4250
831 5661
369 4307
394 3754
764 1115
249 523
109 8187
354 6922
964 6091
148 6209
659 3702
196 6027
84 3178
461 4247
29 3989
494 5493
327 4040
360 2406
955 1591
709 9007
147 7367
402 8310
735 7055
413 4771
612 8791
94 1888
582 411
394 1817
799 4663
715 108
821 3036
129 3130
15 1866
395 1555
928 3620
198 8798
242 654
620 9502
988 3073
942 9485
261 3670
171 436
5 8150
261 2848
994 5328
571 719
656 8418
161 8672
432 3214
585 726
26 4631
349 1717
938 6145
841 7331
526 2035
565 3464
325 6776
97 4702
385 9225
783 3632
29 8580
77 5102
776 9096
839 7528
8 2694
664 4814
679 5281
762 4006
633 1310
880 8453
419 9876
491 5540
557 2253
162 2108
249 3219
95 2154
177 1411
489 3851
308 4381
740 4544
473 7809
722 3611
593 2242
877 976
817 295
97 4933
365 8949
230 1361
78 9413
588 1424
548 4900
542 8812
509 8701
327 5093
876 5680
655 698
145 6927
653 5661
655 7115
718 3315
592 1226
405 5297
595 5476
344 8111
303 6177
745 9768
148 108
946 6424
960 6530
263 5068
928 8883
919 8389
866 3984
995 213
905 4555
429 8511
368 2457
234 6379
405 2306
424 2447
599 1823
456 7622
201 4203
716 4973
836 3763
58 5856
664 1093
470 3937
219 2132
315 3233
623 785
931 9044
920 9875
498 3281
819 1232
270 3327
120 5025
369 5305
681 4577
405 8922
760 6462
542 5953
620 6006
355 9374
876 2907
309 7603
761 4543
942 451
584 9224
243 2725
246 5885
794 4689
897 9302
612 6481
213 3279
371 7761
348 1349
525 3264
428 919
215 4524
941 3253
721 7497
40 5604
832 298
776 4520
871 7062
588 9336
700 4484
59 1742
17 5726
14 9940
192 6834
88 7127
270 8795
129 454
432 1100
966 8211
320 7253
522 8576
520 459
169 2372
173 6532
543 1155
173 8984
724 1545
337 5425
674 623
699 5595
477 8595
840 1540
529 8325
527 3836
400 7380
928 8710
17 4372
54 6085
249 5402
909 847
565 9613
883 9773
925 7399
410 1288
203 8162
844 1805
769 8795
502 5946
246 3090
805 8782
153 4247
699 9804
676 8206
586 6776
290 1580
31 7672
96 9703
888 4291
7 1576
550 2501
936 6428
11 2105
94 7055
493 7613
319 8271
697 8609
587 3198
576 1511
683 3504
20 6132
802 3976
163 7581
159 1135
899 7419
569 3229
244 9959
905 4461
537 1325
955 3005
670 9821
204 427
58 6981
685 6248
518 3319
486 7192
93 201
419 7008
417 1328
538 822
324 8755
243 5621
860 6253
518 6661
956 6843
791 4358
417 1386
357 8998
658 378
726 5077
127 9245
781 5368
851 6071
100 9155
994 3039
385 8189
451 2333
956 4415
766 5417
767 2069
334 1026
564 9051
639 7652
122 9232
664 2576
16 2086
450 1127
496 6271
264 2095
5 7713
13 5452
629 4787
888 5239
455 7325
650 2907
180 5371
765 834
66 7594
239 9419
996 5833
541 4039
43 5657
616 1687
240 6797
514 3503
814 570
545 2582
548 168
203 2739
489 2830
904 8433
142 6841
939 1211
583 9013
168 5968
713 4658
39 9791
629 3520
295 780
979 2610
915 329
631 7183
80 1037
536 9067
772 1088
323 9666
448 7996
891 926
111 9693
908 4411
308 3313
259 409
527 3529
335 3689
464 9126
499 4255
634 4652
385 7502
353 1457
887 4287
500 7774
254 9337
451 4829
325 4153
841 3865
346 1548
682 7632
33 9712
790 2244
274 7958
972 5397
159 8354
679 6344
618 6201
900 9571
507 8897
449 2461
744 3460
552 5858
859 6700
697 1085
839 1000
331 6220
939 7557
259 9263
468 1494
2 9385
374 2493
90 3165
540 9166
137 8449
539 7618
677 4382
155 5169
94 7949
37 822
799 4459
653 703
141 8485
873 6490
93 6588
455 5785
842 994
242 5902
276 9883
222 6783
353 6845
503 930
423 3407
462 8898
111 3549
131 2984
684 9329
899 9698
361 9611
915 4654
534 8314
522 7823
12 8673
507 8903
315 9314
408 4203
658 8885
279 9010
487 7058
745 2469
474 5026
637 9984
446 8705
649 1727
560 1006
513 3362
813 3785
613 8200
248 9748
103 903
105 8611
978 7602
14 5931
436 5841
589 9525
172 5532
631 2092
388 256
927 3530
831 2632
809 1679
275 7044
67 6570
64 4885
614 6717
967 3646
789 1644
892 676
540 7886
604 2479
114 1258
959 6
199 8683
998 3942
942 8524
773 155
163 4204
186 2149
742 6923
619 5764
446 5675
116 7548
750 9887
878 4129
844 4782
609 1164
292 7856
74 5155
984 543
493 7556
835 4344
532 2154
688 583
708 3462
623 910
399 4999
881 7469
12 641
558 9403
745 1370
486 523
113 4392
412 3687
822 8980
820 4921
143 3385
390 5580
746 4788
399 9023
35 7861
719 4897
362 3677
517 9109
25 3166
701 1184
579 2717
738 3526
398 9155
219 8911
57 1527
529 3975
334 5093
471 5625
169 4233
569 3684
286 6724
469 4246
182 9526
12 6275
394 7569
225 5422
190 1916
416 9933
799 493
104 6617
317 77
521 5835
569 9560
574 2640
935 8394
52 8646
589 8866
480 3644
690 4898
677 1061
471 8252
275 6053
201 2774
48 1666
92 7751
347 899
897 1223
667 9188
672 2082
820 2544
454 3205
681 1445
960 9023
466 4435
742 7265
568 4492
696 6702
324 3541
284 1483
915 8835
861 2575
452 9551
685 6196
655 3154
179 5235
615 89
485 9884
17 3233
79 4315
394 5483
370 3555
269 233
598 7031
546 2926
615 699
399 6050
451 7079
67 5932
73 7139
389 4565
371 6636
841 523
100 5293
874 5850
123 6790
521 8084
518 2297
572 5050
951 4103
895 7425
546 630
966 5486
836 9950
616 8681
29 3926
445 4733
278 523
441 8502
411 4730
334 6161
834 7297
141 7775
18 8065
109 8065
589 9886
130 2157
269 2188
855 6311
2 4468
891 5880
297 8668
184 8219
878 8482
174 3514
755 8770
844 3524
646 3306
551 7338
78 2269
985 5965
798 204
571 3282
969 4158
258 9373
771 7049
261 3816
518 2118
244 3101
10 2640
763 3399
858 8229
212 917
718 8067
56 4839
939 9787
518 3870
116 2722
18 9151
132 1866
639 1089
137 8381
653 7370
298 82
275 9349
161 3301
29 6414
42 2083
654 1155
497 1531
391 4469
152 685
286 3764
430 5470
927 678
240 1810
134 5153
843 5200
874 9596
679 1857
532 3697
261 3473
997 7693
426 9580
323 9246
817 6258
659 3907
156 1570
760 1200
892 7106
946 2887
996 8693
624 6431
793 6963
286 4111
508 4468
71 3539
37 4500
851 3894
474 9264
953 3478
950 9144
638 2996
105 3147
684 6704
518 8413
212 9328
88 451
123 6585
451 7364
680 9300
497 1242
76 3018
58 1375
240 1704
786 6752
506 7227
606 8029
928 2181
630 8166
722 8278
292 2847
603 2562
532 2060
465 7697
914 869
344 282
358 5507
819 4646
242 6752
443 3523
66 6315
692 1406
962 9617
343 2007
75 4132
882 9424
487 4648
633 6942
160 6912
609 8438
452 2885
991 6352
259 4575
372 9160
62 2505
59 3175
562 9888
761 6525
19 3668
964 1562
833 8950
716 5040
133 8840
365 3283
452 3039
250 7416
219 6820
923 4872
992 1950
71 1870
743 9385
442 6036
418 5809
160 9210
999 1447
383 1871
542 250
25 6725
352 8943
151 7072
1000 7882
526 7863
61 5346
893 290
966 6032
925 8873
412 8175
655 4459
83 3085
281 9124
272 8424
689 2596
364 370
695 6255
455 1981
79 9063
741 1679
572 5844
188 1247
22 9948
443 7621
557 8938
965 8957
586 7930
411 7716
36 3723
845 1257
473 6395
673 9181
384 7774
490 2131
53 2935
874 192
669 3597
703 5563
261 3111
545 5358
230 3920
154 1186
492 4691
308 743
266 47
334 9801
975 5043
543 5291
475 866
337 8832
578 5249
486 140
511 1252
286 1815
154 5939
319 921
418 5082
419 1727
851 9461
837 5508
657 9888
411 3288
698 3404
61 9548
440 8428
268 9635
404 4163
659 19
404 9495
937 3217
885 1073
781 9496
968 826
984 5202
665 1695
878 3548
171 8734
428 9622
589 9078
59 7329
215 1210
459 9934
125 8974
664 9733
626 72
9 8507
822 976
747 8602
952 7072
73 812
132 3027
39 3200
766 4313
882 2787
757 2306
673 6088
520 3950
318 4048
715 3315
422 6146
651 1702
788 6868
165 6176
313 863
603 2394
167 4190
814 2144
776 9151
916 4866
43 1600
203 5070
103 8178
572 7335
910 106
680 7392
291 4458
630 33
723 8908
219 1985
927 9447
175 5593
800 2167
662 4407
690 4825
468 7559
849 4811
471 2363
702 8832
689 1989
634 3546
67 631
64 2686
211 8281
47 2771
694 6867
774 5858
598 5406
14 6119
844 8870
811 4222
262 1482
915 1766
962 4122
772 5857
89 5688
273 9825
652 5143
950 1148
954 5439
991 265
72 6198
892 9008
590 3495
648 2558
968 2639
637 126
450 6602
400 7760
171 5146
731 853
850 592
733 7824
500 9040
355 8422
979 9617
211 414
247 5354
883 4498
289 8486
126 2684
723 3984
278 3241
385 2167
666 7001
986 5531
826 9868
142 877
893 7253
169 9634
513 2731
86 5297
779 7059
885 8336
250 5446
942 6906
24 6625
187 8427
96 1199
465 7825
657 9329
735 2637
448 5558
308 7392
585 4626
772 7966
479 3035
28 1277
95 4982
609 726
241 3662
149 3331
910 8525
577 8767
434 2577
684 664
851 2888
154 3408
935 403
380 9607
946 1366
686 5378
269 3382
924 2519
367 4537
459 2910
616 617
30 369
712 2961
438 6028
524 8589
744 2429
969 4238
387 2948
111 4820
86 3540
542 5425
878 2656
843 7260
269 9710
588 7499
164 5863
871 759
561 8388
559 4075
769 4082
135 8469
951 8046
588 5619
522 234
958 4167
43 2326
999 6435
868 9558
314 3277
657 5842
716 3596
682 4513
575 7656
479 7948
218 7661
34 2481
497 6168
248 7549
682 3032
280 2624
933 8190
457 5500
643 2733
456 5302
112 7770
399 771
809 2828
551 2044
582 1052
838 3578
352 9366
689 8105
755 2598
179 8681
693 396
811 2936
749 4264
570 3096
292 13
282 4335
215 1569
679 6994
618 4987
761 5144
686 1684
344 4860
795 3110
374 987
574 7503
88 9762
940 9118
413 976
180 8852
653 7210
185 933
922 8417
645 836
786 413
823 6569
338 9925
981 7390
180 2500
722 4845
729 934
921 6819
855 6472
127 4144
325 7242
572 9268
185 4080
866 4707
840 8892
868 738
262 4502
968 8663
953 2724
165 348
162 4673
37 7323
595 393
388 7507
825 5259
774 8929
907 2277
164 2296
440 9563
815 9817
589 2561
379 9243
52 7547
157 9411
822 2099
149 7932
778 1619
460 8433
506 7430
447 6557
580 7835
65 6481
255 3634
996 6078
113 5548
152 5638
159 5950
954 8639
357 7630
294 9055
433 3012
133 1824
892 234
984 8429
504 4124
234 3
10 4984
577 8001
985 3871
828 2807
741 3938
566 4730
720 9461
209 9326
880 9054
612 5786
794 5302
749 2663
40 150
911 6753
828 5499
45 4756
82 6323
452 9455
145 9805
380 9524
930 5500
575 2325
879 276
673 4312
325 5979
357 7124
674 7465
262 9825
14 5480
755 4955
78 2771
216 9520
860 8714
596 1692
288 6877
541 2691
793 2764
949 503
268 7309
504 4638
164 7637
723 109
975 5949
990 3118
751 2654
298 141
390 2437
972 9319
672 4799
728 9465
508 5405
581 2118
867 6433
623 3329
991 6287
688 5598
109 7629
309 7269
155 4322
431 3087
298 8266
462 5174
300 4911
599 9801
142 9121
767 5317
535 7007
854 6604
655 2491
893 6337
480 634
287 3946
120 9553
419 1260
236 8264
991 6210
134 5130
710 5910
328 6995
995 5958
294 4768
19 6320
104 1378
887 9749
405 5627
879 8137
48 622
87 6145
21 5491
805 3283
740 528
400 9017
653 9184
682 2910
843 1056
87 7758
289 2604
284 5114
535 406
208 7649
108 4847
853 6104
205 187
455 6643
949 7585
451 6504
490 4312
681 7731
342 8939
867 268
371 6006
179 2274
205 7365
128 8531
740 3355
25 6161
575 841
479 3406
913 7842
15 7616
94 3005
421 7165
126 6738
370 6975
569 9131
271 1777
330 3925
543 9696
340 9452
400 8523
463 1089
826 8611
795 2247
238 6987
994 7825
431 7912
138 2966
532 8145
945 3853
27 9151
647 5841
855 7902
479 8189
283 7770
589 5503
365 6579
968 7897
51 1465
817 3707
840 2431
650 6938
999 6987
808 2140
886 2644
577 8153
773 7330
438 11
540 4626
849 94
768 1599
720 3968
333 9369
488 3809
972 4689
378 3348
143 4378
144 1388
504 9674
168 1743
997 6646
472 4118
758 8697
304 5290
317 4333
618 376
812 8735
917 4862
378 8591
925 1963
342 6909
924 3394
682 717
780 2007
496 7523
122 2992
376 6135
796 2372
536 2834
411 8543
442 7503
42 8524
457 1306
4 5737
3 131
209 9862
64 7676
601 3205
840 2038
926 5803
209 4536
446 8573
711 1448
335 9268
161 1790
377 281
458 8328
599 8488
677 7040
197 4833
616 2807
307 1042
545 4078
968 4061
547 7063
671 7144
186 808
325 968
490 1639
496 5492
483 3102
409 8823
1000 3432
898 1246
570 2466
505 5286
369 3482
979 783
275 2755
593 5051
603 335
205 2686
795 3779
741 4447
385 7622
359 6486
637 7409
835 2075
553 6127
980 1725
687 7998
590 6248
790 6092
305 9021
965 7195
492 4333
182 7774
402 6734
988 6905
720 9908
524 8035
428 4280
23 5015
487 7637
974 686
188 9877
164 6150
670 2503
296 398
293 1580
55 4999
457 8005
277 3300
397 7398
517 346
13 5222
132 7232
111 3580
642 2416
981 2947
832 8211
97 5030
570 1865
760 724
549 8974
103 6732
26 1941
896 6770
209 6273
229 8568
126 4374
787 7109
295 6956
985 8225
484 1820
550 8918
349 6720
269 2384
55 614
668 7054
527 174
864 9822
36 8295
482 5476
617 9733
236 4323
48 6286
212 4465
375 7319
296 5079
590 3627
784 1439
655 7156
135 452
108 2911
922 7828
572 5372
462 3857
839 1132
549 7355
84 5953
962 8055
129 3936
664 1851
555 6705
598 1582
601 7853
501 1612
453 895
271 7696
994 3748
962 408
398 2474
931 644
169 4836
203 4231
388 2931
333 8644
187 8862
573 1057
275 59
186 6551
68 7411
684 8751
855 2785
374 662
744 5379
604 2137
316 6407
542 1097
148 6095
395 3608
512 2765
542 8234
21 2807
196 3653
591 8643
483 5408
990 1819
941 2119
333 1370
810 3972
878 5245
697 1703
510 7619
687 2719
79 5117
637 1167
168 46
198 8121
159 8938
30 133
551 2651
3 4107
921 3751
400 7140
183 7051
493 5484
116 7427
207 3379
661 4334
678 1142
562 9118
961 5962
485 6581
75 9522
681 7834
681 1763
683 5025
986 8534
316 7190
461 3238
581 4738
613 93
818 9875
936 5419
111 3080
675 1919
933 9874
871 491
437 5332
15 8643
75 4244
207 686
748 8535
734 2371
880 872
252 589
64 5809
28 6487
152 3983
427 3072
502 8642
758 7336
384 4810
631 8049
2 8923
761 4062
573 3481
887 4886
432 6060
704 8657
491 8189
669 2281
198 5350
433 2043
694 8438
352 3059
800 8506
72 4707
844 6693
778 4683
570 9640
73 8706
752 9257
737 9627
593 9984
537 2896
150 1461
145 4715
145 6403
36 4439
629 2296
743 5635
687 4850
767 4782
671 9858
830 2923
367 5532
519 9919
594 85
933 9726
694 3699
583 4384
242 6016
599 3537
600 3847
61 9260
163 8453
760 7328
194 9385
973 2891
715 2883
229 9249
624 2568
299 6181
677 7244
739 8157
327 7590
388 7538
758 5807
438 1629
507 5794
268 9051
594 1421
667 5146
953 6830
241 7369
599 7367
334 1883
85 187
509 4884
32 2797
372 5194
428 4087
47 7684
81 9536
320 3006
122 3541
626 2787
345 6353
97 401
372 9219
443 6344
474 8862
321 8938
678 1428
790 5244
330 1626
278 8803
997 9992
376 8616
453 7477
100 7812
813 8670
493 84
952 1551
56 7925
611 328
315 4696
662 3081
694 9999
531 2677
828 7038
861 1058
803 4714
826 2999
815 7149
802 5709
138 4767
909 2574
375 6878
191 4377
818 2726
879 5099
17 7065
371 5206
605 8185
189 2317
217 1496
433 1414
385 4238
988 8230
628 1362
934 4424
539 8031
464 2886
423 9649
254 6333
846 8789
630 1773
301 6412
191 4471
343 7383
330 6540
932 7324
684 8340
994 3407
953 9076
616 1113
570 4598
725 5461
336 7061
437 9181
198 2621
299 7905
994 4175
384 7039
59 1178
386 8267
252 9891
877 1465
399 8637
773 925
387 6705
137 7329
350 4135
450 6447
315 283
713 5346
933 3976
276 4153
689 4639
984 1812
432 8305
104 9844
842 8928
892 6334
427 1362
914 8921
977 1165
929 5787
827 8588
920 5935
107 3256
779 1137
125 7710
638 7439
301 2767
935 426
324 1227
623 50
132 9381
537 3422
503 546
954 225
587 4681
103 5461
960 8787
817 2707
751 6844
699 3112
140 1312
674 6786
133 5134
820 145
385 7432
345 4742
834 3328
117 3238
546 5500
651 8327
561 6419
874 1344
237 6846
956 3405
759 9607
978 5577
28 4156
160 3586
985 7292
279 1529
646 6776
301 1006
668 6899
662 9703
190 1906
166 9225
819 1437
828 1325
610 7691
697 4956
419 681
422 1699
52 3539
265 5696
410 6425
192 1298
715 8363
619 5724
402 5405
590 3089
514 6707
764 3833
561 4117
957 7899
399 2108
80 6208
492 9331
377 4982
972 2614
236 7338
846 7957
207 2668
728 3378
171 3758
460 3230
379 5493
46 2320
396 7110
588 4397
659 8458
140 4208
393 218
760 7315
642 8226
909 1956
240 737
391 6465
364 1207
493 9931
638 9766
723 5030
175 6322
443 439
694 3184
970 8916
727 9289
529 3799
837 4104
89 7467
345 3383
389 5325
639 8326
475 4299
584 6900
891 5752
506 8531
262 9126
729 3191
519 3545
122 5975
805 2922
826 8139
871 81
994 667
534 9578
38 4422
613 6257
104 3304
620 6821
345 818
80 1288
833 4901
516 6028
321 6454
732 8983
96 8620
588 6543
402 5133
372 351
618 9348
126 3312
481 2333
86 32
276 1303
569 5886
433 5312
878 3067
193 8972
47 858
616 110
24 9376
632 6541
511 2116
545 1408
738 2351
236 4306
427 4765
618 4606
255 3898
433 4051
354 2262
503 5808
772 7601
796 360
310 8638
228 1056
781 6723
810 3900
918 9223
894 8005
48 4611
536 7813
852 2481
249 3352
256 1759
352 1036
199 845
563 6929
682 7866
265 8794
930 9018
30 3370
138 4434
303 6391
185 7034
377 7338
550 6346
758 4028
138 8061
207 442
113 8864
962 66
216 387
405 803
496 7350
680 3904
9 7901
679 4061
455 9372
621 4592
600 2443
202 2097
452 4419
174 3450
3 6511
923 5782
226 9996
190 1909
37 1416
429 2631
982 4885
674 4220
68 1911
14 3018
452 274
382 7302
116 4044
489 1705
442 1232
208 620
208 4281
580 4060
427 6994
995 982
263 2444
443 8587
700 5336
725 2493
220 968
899 1327
754 9506
945 4329
803 1196
183 7570
808 5856
140 6147
594 6649
244 858
740 2900
27 4036
557 5328
688 3152
810 1054
282 5491
807 1936
62 7854
399 6077
974 9577
87 2603
354 9964
775 1796
667 9808
184 209
938 5633
838 2721
517 1678
62 6867
714 9031
665 662
586 5422
943 2000
351 9574
333 9300
285 3303
191 3770
572 151
421 5018
332 673
194 9168
903 514
855 3929
778 6774
356 8916
811 447
720 5522
204 6206
3 582
342 9511
738 7590
406 1665
3 5015
652 1331
836 755
190 2392
320 4742
921 8011
649 4925
520 4075
830 4965
650 6280
830 2561
103 7459
939 3108
3 7745
840 9314
290 7097
515 5699
922 2113
67 7088
651 2356
442 1172
145 9822
803 523
120 7133
308 6469
367 8786
381 9939
189 7262
663 1977
887 8405
478 6042
847 4893
943 4399
990 8127
506 4720
162 8469
32 7688
64 490
845 8820
699 7533
919 1876
386 109
684 7577
334 733
96 7765
712 2161
628 4877
831 9791
71 5706
984 783
553 5955
835 8731
98 8179
956 1743
759 4233
855 9913
469 9027
243 6937
595 3889
752 7938
444 9112
64 2679
666 8731
777 6878
596 3907
656 9696
104 697
663 1366
361 2486
591 477
993 2745
214 8754
751 9712
18 5815
219 1469
20 2732
44 1090
142 5733
296 8933
652 5338
148 5468
630 8722
215 1106
308 5094
651 4160
752 6612
284 3060
983 7737
710 204
8 9269
602 5163
987 522
313 8323
434 4845
983 4153
714 6259
33 132
139 3797
143 702
188 348
106 1633
839 7956
950 3722
226 4493
105 4584
67 5989
266 589
619 9295
442 7020
212 6078
109 841
667 154
394 8140
821 6553
926 4285
613 8310
477 3688
500 8894
497 2395
23 8350
368 1219
621 2102
49 5730
606 8840
903 4299
948 6248
44 7699
485 9757
551 2690
998 7550
342 560
793 6598
124 8184
496 7265
595 5287
167 2380
211 1901
253 1207
497 8778
707 5302
200 8738
619 2843
571 5849
497 142
456 8231
925 9077
110 6517
703 6683
607 2526
393 7628
206 190
944 6407
794 7382
139 9018
305 9861
778 8393
973 7136
575 6152
946 1546
376 6091
733 348
106 2588
54 9246
767 1733
934 2795
745 4801
225 7809
788 543
885 974
943 6527
25 6179
219 7538
814 5317
842 5277
921 262
32 1270
998 7440
325 5957
710 1386
993 8628
497 2480
150 3855
460 9262
497 6180
532 7317
841 2212
209 9013
142 6800
876 4369
866 6604
320 1293
339 1150
180 4530
214 1039
734 6873
461 3640
169 3883
450 6
160 4839
921 7351
48 444
905 8282
129 9385
979 2658
285 1316
681 7123
127 8736
624 5939
341 5204
94 3498
446 3819
500 258
61 1038
268 1463
699 6907
339 5911
752 4177
528 3186
186 81
67 2714
875 2222
694 7204
71 5421
327 6101
811 9621
379 4294
615 1472
108 2976
28 1272
468 4832
239 8394
751 5747
43 6134
348 7450
186 9420
548 6967
493 7215
241 4334
846 2678
960 7845
717 4950
815 4787
935 7688
679 3636
824 2441
538 7186
690 8692
997 6333
387 7977
599 9540
787 6506
200 3561
587 2232
530 2257
614 201
275 257
323 2981
785 2385
440 6708
364 2780
832 9345
310 2670
382 5753
182 7332
815 252
960 7391
564 6363
198 6817
757 1864
658 6445
478 5816
441 7691
149 8003
657 6481
969 2
523 6666
700 5968
441 6995
530 5114
16 7576
47 8974
879 8203
596 3151
910 1485
563 5454
695 6082
350 5634
192 7841
203 7249
247 9105
930 4052
988 3357
764 3254
161 2433
398 1605
765 9802
564 7359
284 6568
21 1926
408 655
381 4252
75 9009
374 2583
426 1301
701 1870
787 7059
43 3497
375 6213
361 4852
144 6904
482 4300
419 552
996 1072
991 614
191 6049
420 4053
651 7633
917 1800
662 2375
245 3414
100 506
581 7046
780 4977
300 8099
657 4761
421 5320
878 4174
748 8051
320 1823
712 5974
128 4878
306 5137
126 686
364 7417
510 3267
347 3972
342 6596
997 3194
782 5164
131 3525
318 2932
136 5297
922 682
743 8172
113 3454
816 8934
993 6335
523 7106
877 817
314 419
103 7689
467 1759
565 8447
916 7199
319 1898
357 6892
806 3191
649 2547
95 626
932 8658
926 4443
917 7832
347 7010
629 1208
199 2507
287 7446
7 3899
901 8584
320 7624
521 1253
633 6268
209 8713
939 8577
488 1455
707 8118
515 3205
671 4792
73 9723
212 5273
362 7475
814 6765
577 690
440 5463
922 317
399 5488
67 1821
266 6048
598 5179
452 466
749 755
328 8580
765 8661
660 580
403 8687
438 7875
657 6147
857 8965
369 3239
209 6815
408 8336
450 2695
52 4069
772 7640
62 4674
985 5530
169 2737
589 3293
840 7890
245 5695
323 2468
24 3857
874 6921
128 4805
208 4021
122 834
56 8815
233 4638
467 7135
622 322
960 8157
667 8394
298 3528
786 3010
470 9932
226 7753
481 2282
650 753
685 9411
804 5852
236 317
83 5248
19 9180
132 8100
520 4617
96 2384
468 4703
424 1152
650 2024
215 5729
85 3283
803 1298
637 3649
284 9044
258 6339
403 490
383 1629
316 5865
48 6438
932 2521
484 2149
762 241
219 5685
473 7902
432 5041
908 2076
951 9032
57 9419
47 9161
606 8219
130 2632
831 7711
840 167
349 7022
463 8365
447 7053
461 9122
965 1717
187 3152
887 227
851 4899
546 642
563 3322
954 6946
736 7171
225 4
931 914
590 8732
815 522
630 8893
648 625
615 9120
476 4208
999 8156
206 3617
833 782
310 9967
607 387
489 4536
856 9609
902 9262
275 7953
727 9921
706 6751
644 550
824 2920
987 387
931 8098
674 6959
602 4983
466 742
687 1201
662 4675
85 5311
529 6996
698 8079
747 2473
422 2433
68 3237
930 6922
991 8635
258 4269
224 1825
499 2931
86 1440
508 4084
353 7505
776 7980
508 1569
123 1446
243 1101
424 1299
950 4614
305 3988
100 6782
758 443
184 3881
499 1854
311 4861
535 4452
904 2145
623 5877
850 113
535 925
776 3879
848 3017
560 4467
690 2279
791 2004
636 2650
974 7389
758 756
192 6480
141 9962
905 6613
887 3683
576 2500
826 6664
229 9478
153 533
947 7831
30 1590
486 4359
176 4683
646 2899
383 9284
866 6512
98 996
965 7521
239 4113
709 8267
707 4018
478 8759
109 1663
266 4208
455 2917
812 640
724 6703
383 4231
931 3341
635 2964
34 4624
656 2729
435 6827
833 7706
842 659
194 3934
700 9248
290 7276
352 8441
49 6927
498 5419
786 2402
867 6083
346 5508
281 974
407 2581
141 1023
841 2887
631 7529
83 13
204 7345
418 6030
768 4669
628 8002
132 3590
507 2259
928 8857
39 718
609 2369
239 1519
884 4255
72 3560
248 274
379 1353
288 6414
267 2745
326 905
76 779
825 6729
245 1081
951 4407
598 5341
659 8526
322 8258
696 6027
526 935
547 4446
280 9419
260 8600
736 3858
533 7579
913 558
457 3165
184 6150
622 9812
476 3058
443 7994
252 6267
890 7530
571 3471
438 4368
247 1148
342 9805
501 3424
704 4881
494 6751
846 5918
5 9260
484 5115
646 3437
983 7630
672 6971
670 8896
956 639
917 8061
203 4358
13 7169
274 350
661 8667
465 9718
731 6461
455 2481
179 8473
320 3347
126 5173
511 7762
364 8808
539 3173
754 6986
693 6712
924 7687
640 2422
980 9196
896 4301
576 2920
27 925
79 7916
682 2344
196 2139
504 2819
41 1242
225 8307
629 5424
860 5361
726 2919
466 2966
751 4024
324 7807
147 6387
375 7321
599 7860
627 3877
347 8334
735 5077
289 5844
831 5437
604 42
678 722
234 6984
635 8958
482 9415
184 8505
942 1697
741 8369
170 516
393 2722
234 3759
929 7502
223 500
927 9607
691 9188
75 4623
367 7957
413 8414
892 4495
297 3771
766 9017
144 7105
850 1873
781 5500
121 7265
877 7561
354 1802
574 2873
356 5740
400 1357
432 1643
710 3627
643 635
62 103
401 5253
364 6426
91 4000
474 4383
793 1111
379 4816
712 9705
75 3213
429 4179
128 6212
880 408
467 6601
42 9721
127 5168
134 8845
337 1389
915 9754
182 6426
159 4681
471 3185
637 1317
119 3197
496 1868
699 5677
37 4204
185 4097
717 7207
977 4586
872 1839
190 9645
994 4553
278 9857
433 3774
653 700
108 1093
413 1833
917 6954
897 4612
512 8186
717 4251
849 6676
23 111
345 2360
497 3120
537 1035
700 6293
789 5009
973 6113
571 2593
163 6046
81 2629
494 5605
401 7430
514 131
679 6547
961 2230
881 5163
764 2462
862 7341
114 5660
335 95
847 9605
841 2372
206 655
425 3460
71 5985
981 3783
129 9303
833 1081
656 7532
407 5000
872 7630
757 2369
159 5790
995 214
534 9628
578 490
440 9566
101 5202
26 569
411 9829
9 4262
386 6093
302 1838
21 116
892 1182
167 9415
952 4420
757 6998
416 7967
592 625
660 8370
792 7644
496 8208
985 7819
951 9377
497 2470
185 7516
15 6166
613 9882
614 5669
623 3673
959 8306
395 4982
810 8186
823 3793
397 2495
461 4988
522 1749
502 9964
309 8559
247 2534
964 1414
807 6355
77 5058
535 6508
562 1822
904 7581
583 8455
488 7861
994 3581
173 8564
634 1169
431 2284
97 5477
682 8369
834 3582
73 7112
690 8133
260 2762
378 9009
210 1858
411 6462
135 362
264 6760
671 1826
487 7280
328 2025
448 3253
323 385
267 7356
36 3038
478 9065
469 3927
461 9923
542 6692
639 4643
351 2205
527 8116
804 2321
184 8436
208 2140
704 897
914 2751
485 1501
762 7883
802 4347
412 7445
363 6606
795 8468
236 8576
991 4302
597 7640
639 1966
152 226
87 3664
393 1691
251 435
381 1890
169 5749
107 3544
867 6778
157 6448
786 2917
447 3279
11 2445
615 4348
109 3865
579 5537
729 9652
525 5255
592 3017
282 5390
216 295
294 1122
679 5373
681 5702
430 7662
540 6013
22 5759
892 7435
886 3508
446 7880
218 7798
880 4236
885 287
238 7476
408 8395
114 1435
408 4040
443 3489
675 3974
230 1591
795 7768
415 5601
953 7985
185 5090
802 6967
89 4978
757 7747
302 3211
379 815
731 1959
125 5573
635 3107
873 2070
796 4927
93 4016
892 5372
714 6422
855 6491
409 940
182 8596
1 2760
704 4476
142 946
852 8797
747 2948
269 3970
97 8809
269 2711
405 4001
801 365
461 6076
267 8211
131 538
994 7885
664 8337
675 1793
657 3686
923 7205
102 6930
811 8178
269 8126
154 9171
35 5415
934 8838
355 2586
667 3129
28 2264
425 7741
230 739
930 7303
901 6879
608 7737
372 609
971 7917
123 99
713 4970
66 9181
796 3836
299 5389
367 3744
531 1600
280 9940
752 6422
919 3307
836 8865
765 3975
976 4181
262 749
609 6905
687 52
383 4693
791 2661
872 834
346 7756
881 5068
913 8309
837 8162
170 7903
187 6996
918 6236
835 5332
477 9662
585 8181
107 9131
288 2607
223 6730
744 1384
958 8179
249 395
147 4995
461 2277
82 7525
97 1010
552 6361
555 1140
340 5488
261 5820
833 8509
896 1390
97 469
266 8945
706 511
592 5644
325 325
484 4090
569 6513
351 534
708 4784
215 3231
594 5122
522 5445
979 2119
937 8361
777 5987
398 2352
831 1514
869 9553
451 8980
326 1778
236 4826
480 2206
483 9990
992 2705
278 3174
848 9865
136 2394
935 2055
42 7489
23 9484
597 9967
865 7324
317 3882
339 813
87 8023
218 3976
827 7777
183 5975
530 1906
414 1573
824 8552
378 6977
218 33
434 74
145 7742
39 1571
677 4787
683 6176
19 149
994 9671
87 3226
68 9952
810 6364
745 6085
388 8438
931 7666
306 4757
671 9941
353 8775
219 2510
880 6463
777 9152
610 6382
786 3150
305 6859
772 8862
83 172
68 7129
673 410
44 8616
970 384
541 776
44 6268
814 8070
19 9164
891 900
311 9682
253 1522
490 672
456 5044
687 9532
680 3218
788 2733
643 4659
240 3099
313 320
981 2578
70 5239
670 463
838 6517
98 1521
216 1722
151 5465
452 7945
911 9658
652 756
30 7561
494 8163
433 8781
31 142
224 2799
873 9550
4 7995
141 6560
745 5549
802 6193
749 7253
532 8466
846 4291
228 5829
936 7754
798 5277
572 3552
846 3986
986 5084
282 4890
855 551
322 9904
919 811
243 7249
124 9686
15 1210
83 4519
781 9515
590 800
247 3350
349 1954
902 1135
19 3619
832 3229
758 8842
834 7143
471 2401
102 776
950 3362
502 8444
830 9338
558 2576
118 3049
253 8468
350 816
468 6956
374 1008
893 1434
610 1585
852 5670
80 24
785 4214
687 8399
876 2885
857 9328
935 4127
545 5706
151 9971
654 9130
203 5935
134 8355
907 6023
947 1510
17 8191
409 7946
907 7051
229 7604
902 4757
279 4671
476 5559
664 4614
695 6396
396 1444
899 9891
185 6506
711 7708
550 3049
44 1160
980 2371
132 3900
720 8782
428 9054
678 6512
970 3222
751 499
6 4590
731 4306
788 2242
807 8442
217 6352
648 2586
721 8569
702 1346
151 1438
729 8871
845 6467
575 1341
926 4254
499 5915
275 3736
727 3786
843 4506
35 2358
152 1937
610 8731
552 1051
860 3800
170 2903
550 959
572 9176
819 6850
835 2818
302 4999
747 3243
197 2885
826 9147
991 2052
777 8988
238 2993
946 8506
102 2279
874 3539
747 2342
416 9719
238 3023
204 6376
681 7317
256 7899
846 8445
306 5685
427 5022
128 8031
1000 610
273 450
726 4434
434 8011
657 7342
278 8951
567 9506
605 2583
71 6657
134 6381
730 6446
484 3117
997 9965
851 9997
84 1574
531 7092
896 1250
420 590
274 6555
384 1189
181 9344
709 8841
551 398
327 6553
384 4119
921 2199
912 1263
533 8200
61 9913
95 6689
922 7790
605 9946
249 2453
385 2126
450 1067
373 5225
745 9885
933 7032
875 7017
448 7804
840 2384
735 7111
818 7478
156 9644
85 5984
876 7123
828 8612
733 2482
874 2268
672 7860
942 2147
831 6726
892 3717
983 180
267 9555
447 320
769 4236
855 3771
768 2069
162 3098
308 2578
931 8465
443 1018
315 427
275 934
713 7967
750 7713
752 6332
936 5321
68 3886
479 9372
180 5109
594 1612
457 6325
923 2475
293 9776
692 6207
677 4189
317 3902
583 1076
484 8514
820 1871
90 8439
22 6987
997 3591
963 9220
176 6244
119 7163
139 1022
381 4627
889 1320
159 1839
909 5671
825 8230
11 722
577 8943
77 8866
545 2325
707 2387
803 8659
305 8689
755 4903
988 5500
9 2243
389 6756
628 7175
556 348
415 8808
405 5178
231 9676
758 6245
82 4123
158 6582
49 3215
104 6871
198 3652
917 8198
214 2072
21 1778
912 5451
302 5212
508 6160
338 9479
461 5754
485 1529
927 9087
765 1623
936 2952
392 6108
906 1998
928 9858
679 6990
218 4390
827 6742
690 7384
622 7349
40 5960
7 4414
565 3162
633 3653
878 9138
593 2640
239 6040
869 9462
217 7061
742 2419
229 1124
646 6866
438 1329
875 4833
826 6157
993 6048
817 775
875 897
428 2131
291 6489
7 9383
893 5197
454 1481
360 4694
451 8482
60 2445
798 8557
803 5854
563 2135
844 3017
399 2112
187 9260
555 4857
810 3449
975 1940
259 9590
87 6295
411 8520
433 7224
744 5590
485 9425
723 3084
499 781
903 3092
824 4873
343 5502
137 83
979 5721
621 9918
739 6295
22 252
562 5500
272 242
996 4335
297 3543
935 3352
127 1588
317 9968
908 1828
608 4019
997 9941
253 5008
286 4870
433 2247
295 4166
814 8073
273 5899
782 700
881 1176
6 2548
140 7940
941 8026
889 4762
386 2025
82 131
384 4859
58 6525
300 7519
375 1767
21 9590
761 7442
891 7857
689 2001
529 4596
563 6777
499 6454
635 8993
392 9678
203 2435
312 6055
971 1432
806 5180
415 4960
46 4764
581 9223
136 4263
475 9568
835 2238
404 6910
314 4742
812 9093
842 2053
575 157
305 691
629 5231
720 7946
569 613
794 9558
389 2925
946 582
606 983
336 1400
366 6834
492 8224
628 9890
577 2321
349 5101
19 5697
895 488
225 457
560 5406
323 1859
306 2313
492 3242
714 7270
696 6220
36 917
399 363
968 5095
760 8039
656 3838
430 8581
279 3071
526 7707
130 3330
486 9152
770 5440
783 96
848 5444
916 5958
224 1963
712 3360
990 5571
139 5854
35 2991
334 4867
312 4592
225 3154
560 8013
635 977
762 6892
698 9337
325 8486
862 2403
794 310
490 6796
309 9098
211 3985
804 5200
254 1219
254 1402
989 740
964 2842
251 5224
554 6950
699 3925
246 1316
244 1602
16 8286
247 6939
72 1503
519 2586
979 7524
639 8671
446 1052
111 4969
296 2632
551 2155
484 619
18 87
60 3546
28 7605
839 8716
820 6589
411 8426
410 7272
995 3392
129 4818
825 2922
702 7691
212 471
118 5840
403 6185
675 6886
664 4675
528 4112
198 6905
24 9859
739 1586
786 9272
926 5625
271 634
193 5047
658 2483
175 3434
998 7795
239 2001
435 2697
991 2701
250 8519
873 7842
403 8849
712 3891
886 3662
395 4472
894 7077
873 8043
871 1297
883 9782
641 877
893 6646
33 2536
997 1835
735 3490
218 8245
410 4605
477 1464
37 5596
227 4424
445 1814
656 9949
785 9555
228 1408
592 9885
970 9547
246 7953
4 9949
902 8619
888 3267
320 8845
997 1200
908 3368
214 9333
645 4656
909 3929
343 1227
41 7313
649 7314
792 2056
675 6751
77 6488
841 973
322 8335
677 9195
958 9339
8 1800
105 8733
353 8344
51 9433
907 3117
960 6068
227 5182
901 4372
432 4003
740 2243
281 2117
812 3964
234 163
193 4332
694 5640
825 6354
45 5189
932 4894
328 5485
427 5173
640 8323
770 9771
930 3565
278 3303
117 5076
975 3186
705 6465
54 807
209 2497
600 7444
506 2722
184 1656
505 5171
192 5746
81 375
857 4856
810 7138
381 6717
178 2826
75 7432
824 630
379 2675
499 4450
278 186
670 1193
527 168
839 7417
371 6461
755 6434
588 7721
180 198
530 9905
322 8858
448 921
493 7299
989 2777
329 3194
455 5272
647 4376
793 5475
378 4090
150 3766
631 6237
3 4193
59 1282
528 9908
265 7707
559 7730
113 1788
387 6082
609 6586
610 232
224 431
139 9392
997 5731
864 3315
180 8388
45 1328
176 4846
366 6004
986 9283
948 1201
712 1029
912 5642
414 3046
246 6389
440 9454
971 9543
541 2948
583 459
109 7859
796 8683
787 6215
340 9876
732 1885
318 3718
414 3798
840 4626
105 6963
718 5178
537 7978
202 4803
633 3647
929 3653
752 5627
28 5705
32 2233
995 1978
913 163
891 3988
562 6969
913 3304
888 7305
221 6629
453 6999
504 2512
810 2791
365 5100
692 9373
235 8482
858 2339
160 698
612 2867
879 3968
469 8328
331 1951
114 2337
913 9992
489 5230
281 7356
930 3184
629 4685
401 8701
408 7841
361 6825
120 254
553 7533
709 6431
851 643
847 61
216 2263
266 3557
852 5319
77 8520
816 8276
702 2246
130 7246
503 3250
110 6060
996 3089
40 2097
162 9194
775 1095
209 598
556 1255
691 5489
488 4175
210 5879
201 1882
261 1191
924 3307
291 7971
948 4306
765 4685
353 4308
632 7739
378 1607
320 8612
843 4402
414 6961
814 6049
707 8780
478 7343
450 7795
95 6650
545 4901
895 1475
504 2163
96 634
719 5120
859 21
844 4449
253 7321
107 6302
781 2591
395 6094
35 512
663 7502
291 5177
882 6187
280 376
769 3922
488 3692
941 4198
214 3736
446 90
186 2127
592 5858
147 6857
113 6726
477 2525
240 3135
371 7108
439 7240
469 828
914 1549
482 642
110 831
808 4726
58 733
270 6986
200 7083
48 9427
492 5951
546 8854
755 8238
251 6412
181 5955
476 5278
916 1416
118 3288
242 4443
127 2169
790 7562
29 6081
903 9878
968 2818
7 8275
708 4176
784 4550
396 496
98 7429
168 3820
651 6010
991 4412
612 7840
885 8205
123 9764
614 5070
571 3620
904 782
564 1459
77 4127
473 8883
286 7045
317 6376
920 455
557 5115
90 8669
488 2196
221 5055
753 8239
922 7772
227 1432
871 7200
291 6718
98 4492
34 5379
275 6369
944 5033
206 1508
561 1366
166 3036
99 2465
27 4495
502 4818
676 9992
682 6981
645 7347
868 8695
346 6879
240 4391
290 4890
224 2022
740 7224
995 8343
772 6780
550 6143
999 5309
158 4133
834 9154
771 9698
662 582
983 1826
143 8052
12 8113
839 6299
793 9071
199 9834
301 8572
791 9749
586 7963
337 5182
979 2322
369 3276
341 2232
95 5879
193 3366
418 5561
288 1830
974 2174
933 3511
95 3716
454 1878
411 3339
579 7941
196 1382
901 5447
843 8968
664 1905
389 6711
473 9467
394 8396
847 1629
56 1281
53 802
516 9136
70 8759
424 7402
672 4316
357 2253
161 2801
195 6284
452 3802
340 3819
845 5291
68 5472
936 4861
235 6051
485 2598
648 8622
351 7908
487 6588
119 1939
76 9053
221 6369
462 7793
263 6929
676 6232
8 5604
34 4968
634 9137
973 1750
635 7693
642 4571
443 6483
547 6352
100 8030
689 1234
921 4873
514 2334
887 4581
148 6933
278 3283
415 5945
599 6389
279 1902
879 9745
208 7609
651 2973
495 7028
18 7923
471 6263
558 3166
497 8288
738 251
338 6012
332 8905
472 3003
764 4969
845 3951
683 1949
642 9772
653 940
133 9001
591 3612
667 5806
584 9047
869 6820
595 4822
343 2055
851 8872
420 5206
598 2828
459 7489
371 2225
524 7258
539 3469
403 3140
138 3667
188 7895
614 3723
124 7481
559 5981
910 8421
357 6773
963 5112
909 7584
336 4526
140 5213
212 7785
569 4589
94 6954
295 6995
186 1461
680 5493
109 5329
418 2696
716 6421
238 2310
313 2988
899 1899
333 9681
695 7604
830 2835
654 4350
386 7634
376 4940
162 3807
127 3713
592 4015
574 3441
216 5049
850 9860
610 4243
428 9795
118 9512
437 4825
238 6292
569 5698
575 293
804 7358
295 3948
759 1775
784 90
403 886
891 419
348 249
510 5613
495 304
750 3297
67 2483
301 6745
179 9277
276 7440
995 8859
185 3269
518 8957
586 1703
998 5956
720 1673
27 8226
893 9199
690 1820
45 8735
455 3435
336 4753
794 5142
62 6031
414 1016
145 5301
981 7776
438 9361
477 2524
668 1171
645 5292
194 2542
496 4245
421 5173
168 5883
151 1150
363 6548
673 5074
722 8460
465 6042
28 59
260 2163
527 4896
461 8106
247 857
43 2129
180 6568
351 8248
320 6927
322 6835
998 4996
451 7674
412 8893
599 5044
673 8277
583 2362
143 741
581 3386
929 1003
446 6145
782 7782
88 8655
804 4694
893 2583
965 368
702 219
692 5352
969 9539
80 7541
219 1639
320 8481
526 5728
654 5462
700 4747
308 977
369 6437
424 2577
412 7007
35 3128
78 2923
981 4233
9 9244
499 6520
769 8170
977 8509
414 9227
424 9856
696 9595
648 5134
273 2148
238 9426
566 4918
695 9548
918 5264
995 5197
256 4068
626 5912
457 934
114 675
19 9021
190 5283
919 1568
968 3235
748 666
839 3469
308 6791
601 9294
845 1876
162 6
213 2961
211 6245
181 1826
243 8527
871 6169
440 6376
872 8878
367 8888
958 311
727 4968
257 6607
618 5827
246 1666
836 8565
863 2799
561 8207
939 1428
378 4992
212 5237
825 2525
20 3974
335 1865
438 9163
716 9677
315 9438
551 5889
401 4537
642 7248
541 4535
687 760
194 7991
381 5495
15 8137
602 6062
181 2046
506 8546
566 5483
734 7893
367 5526
718 7617
286 9687
823 6653
268 9016
77 7541
579 117
282 3941
256 3964
484 4878
866 5806
147 6752
72 3212
847 9438
327 2170
734 9388
82 2238
67 2628
895 7201
840 6428
632 2700
956 7840
527 1980
21 5678
256 1295
39 5861
202 2468
747 2004
966 686
89 9057
14 9409
605 7215
622 7843
477 821
558 1868
496 8766
478 2022
576 2291
296 813
593 3794
850 9119
839 2522
792 2572
379 2780
429 4646
630 4427
811 6706
372 5244
293 5125
450 2919
300 2040
256 7203
959 2868
680 7181
961 5910
852 6209
910 2331
291 3215
813 1236
76 8887
759 2867
352 3852
38 3596
436 2917
871 8085
220 9559
296 9237
337 4363
89 3944
364 7230
623 2488
272 6139
428 7141
659 7298
688 638
828 2469
939 8629
238 5717
783 1055
332 7592
290 8529
554 5942
961 8132
794 4583
342 5824
308 7414
811 356
707 5440
172 8684
47 1189
216 7769
101 7062
896 8893
656 229
910 8219
963 8727
527 6171
724 4420
857 8147
715 997
997 14
560 9669
501 4729
503 9569
927 1040
743 3191
127 4613
670 8922
632 985
838 1739
564 5441
683 1441
447 1569
210 1170
855 1140
123 3559
774 5825
320 5388
430 695
419 9148
747 4978
571 361
228 1570
639 2161
138 4283
385 3865
775 2191
379 6646
696 8373
797 2575
435 1509
261 9244
73 6057
44 5625
933 5950
711 7219
946 8112
603 3081
64 7921
1000 3852
751 3105
567 4110
441 9447
171 2038
916 5062
763 9051
662 1320
814 5604
71 4279
613 6446
721 3630
28 7717
435 2363
136 9752
905 6992
561 7145
605 4637
985 7899
553 6807
420 6834
578 6372
102 7110
822 12
311 9615
62 3353
537 3593
164 9095
776 8930
254 6164
17 6903
312 5808
683 6778
13 4782
736 3598
463 2689
812 1656
362 9359
372 8592
964 5585
273 9757
63 7312
426 9852
733 4937
124 346
747 2042
789 7940
630 3378
716 6238
312 3236
339 1576
603 9972
109 5050
204 2408
71 2185
569 6615
698 7967
123 9613
295 2694
348 853
113 5181
250 4221
430 5425
714 1285
70 9364
469 1935
242 4874
925 9168
189 262
536 5597
758 9953
148 3855
124 8739
9 2031
72 295
858 7177
270 9243
579 13
883 8605
4 5353
32 2238
764 9296
181 6243
694 7157
606 2414
527 1744
833 8185
621 7095
926 3243
993 5078
549 6736
877 9895
707 3332
839 3482
196 952
491 5294
394 5180
332 7445
4 6386
180 8627
951 5425
599 6639
616 943
996 8001
912 5045
19 6914
22 8303
151 4574
920 9529
900 3316
930 6354
618 7172
844 6540
408 3647
415 8169
905 9387
688 8655
522 5500
972 7813
521 7771
162 1251
647 1043
75 1797
526 5966
557 6696
780 4219
811 6923
94 1851
622 511
309 5487
607 7543
691 9963
345 7320
558 5222
859 3258
948 9431
884 7028
773 1849
69 8115
316 3575
170 7603
134 4224
400 6612
712 2996
152 8742
484 2020
946 2908
188 3797
899 509
285 2589
207 4494
861 1460
294 2808
294 3924
819 4088
424 6649
335 5625
449 6354
178 7675
816 3341
810 4383
390 4926
450 8057
739 9608
340 8476
62 9905
526 5729
861 4514
329 9215
576 7061
308 3492
274 565
101 2810
200 9184
208 2258
303 696
349 316
793 3965
686 1660
792 2164
622 4711
369 7267
634 6707
763 9937
411 5498
165 2186
682 7527
706 6025
194 5510
360 9052
778 5208
724 3235
176 6428
711 6369
870 2951
300 4249
887 1356
87 3601
298 8548
742 802
838 7831
467 293
948 4897
241 951
576 6493
130 6005
608 8636
455 5520
186 831
887 9754
690 5080
869 6471
697 5853
942 7021
278 1653
128 1779
625 1400
844 1877
554 6466
901 1326
510 8144
670 75
442 817
287 2990
445 8629
241 8793
362 5425
188 8558
427 1497
47 8597
318 6516
160 7062
700 172
703 1546
588 1690
599 3085
828 7149
589 8047
112 8580
895 2414
816 4335
725 8796
302 2465
114 8367
261 3280
827 6891
307 9875
990 3338
527 210
5 980
347 2602
792 5782
338 1606
950 6063
186 6342
876 3566
995 779
963 2133
30 2008
478 7768
711 6018
481 3470
851 2161
587 8814
114 2700
780 7843
373 4560
535 1528
664 3290
312 8572
801 535
383 1567
911 986
371 2883
259 8550
568 9883
993 6800
545 4622
416 9854
901 5636
173 9129
877 1463
420 9438
532 2964
15 9880
725 1335
396 1736
161 7330
418 2493
350 1494
228 1756
232 1207
660 5144
443 9163
472 9962
982 8507
537 4330
249 7281
934 4739
615 1256
733 2370
204 6175
394 55
136 1269
14 3555
122 6206
480 5800
902 2348
102 4924
503 422
117 2501
68 484
540 2061
182 1984
349 2863
536 2598
668 4744
54 7236
821 3878
654 9690
489 1628
873 4459
225 8155
330 1770
433 9914
469 8221
222 3919
633 7277
432 1427
750 7971
400 4962
719 4300
386 6488
177 9782
4 9972
650 8480
557 8520
730 4845
46 3238
572 4785
340 4500
949 8050
691 9545
540 6423
204 3277
560 3468
663 204
277 5612
257 7427
398 7813
967 225
436 3303
977 1303
333 4212
431 2952
405 2833
151 6393
896 7619
764 3249
205 5907
48 1754
444 6586
683 4222
944 7061
288 8746
750 3681
31 7149
228 4639
533 7177
810 9201
197 6433
427 1243
722 985
332 9426
234 7193
652 8480
428 6634
346 589
666 5798
626 5607
703 5515
664 6618
50 2360
642 664
737 2911
129 9427
838 6129
904 2589
421 2980
363 7038
107 1872
241 2157
304 429
226 4293
429 5334
242 5186
935 7864
691 8337
673 211
62 8531
645 5239
330 8617
204 2536
307 393
552 7515
908 71
745 886
189 892
84 3555
301 2067
37 7612
304 246
198 3904
193 9125
245 3020
169 3310
570 9635
166 629
389 8390
940 158
956 9484
31 4685
418 3819
694 8333
849 2780
777 6389
329 9034
996 1971
93 5091
369 2053
981 2533
353 7115
998 2050
835 2614
619 9212
651 4460
343 6281
332 3825
184 2479
406 3742
333 6280
888 1773
289 8095
678 8698
925 9825
316 6547
617 9901
144 5753
371 4308
699 3196
397 8856
792 3827
283 1056
731 6369
914 7442
19 8064
538 5448
865 7450
716 4107
486 8778
949 4762
312 4206
833 6180
565 536
839 8969
469 1848
755 460
140 3987
63 3955
605 463
968 645
375 7827
999 6426
348 9275
829 6062
733 9490
781 3135
382 9782
149 1226
160 5224
660 9841
369 56
461 231
757 1084
587 241
264 1865
106 3814
417 2680
532 1936
393 1874
841 393
289 2212
693 8366
447 2572
597 8127
561 9305
249 8460
471 5694
219 9209
973 9054
743 8714
6 6081
481 2951
185 3486
857 2537
848 942
361 8218
892 7279
5 4425
609 4542
57 2771
536 619
255 842
719 920
702 1922
530 1738
595 766
766 1558
707 5671
64 949
478 4389
745 1616
918 3923
28 227
181 5918
518 9421
898 7318
741 6750
524 6924
314 4152
540 4354
798 7951
31 957
887 7480
426 2870
988 3565
563 8500
693 2934
878 9971
435 7744
325 1951
637 5978
950 1273
313 1427
513 1905
374 7277
511 3289
824 1037
4 136
139 3751
484 2676
575 5846
337 6582
850 7009
499 5065
144 8087
750 1643
454 3844
431 1707
186 5385
463 4872
893 4231
502 4824
568 291
352 4253
490 5796
571 897
423 7360
814 4907
882 130
372 3159
476 7862
518 5554
761 9643
140 9179
226 7887
396 707
685 9990
769 8285
486 4291
469 2078
634 1709
758 1053
478 5803
236 6372
187 9080
513 6493
661 6751
775 1717
15 1471
517 827
440 839
282 7201
104 4139
728 426
835 5021
98 7386
108 8692
381 3209
59 5512
42 1647
847 9267
642 9449
476 7009
928 5058
318 3664
650 4378
740 3424
184 8722
613 6612
667 302
941 1071
574 2769
161 7607
888 7651
46 389
456 4222
317 9427
391 5516
842 6012
41 9387
464 6142
419 696
158 4858
718 6855
748 6274
730 8728
518 10
532 9379
999 8760
880 4253
231 676
846 3312
918 3672
448 1287
685 6304
74 9486
859 5529
873 4150
814 4422
20 5950
221 5174
742 5323
229 8335
649 6272
768 3878
747 7926
214 2084
484 3493
136 3218
790 9224
399 8557
819 9341
129 850
210 9490
444 7202
778 937
809 9279
245 2676
945 6413
758 984
3 7713
531 2030
188 2693
163 5853
884 5185
111 305
783 1331
581 9767
1 9384
56 317
193 8048
321 6630
670 6109
313 9492
756 1395
467 4812
392 409
270 6245
119 5079
265 3976
563 822
29 2337
725 6882
790 6764
547 5466
850 408
603 5534
895 8951
662 2912
849 6251
70 2851
617 6074
183 63
846 4731
137 1706
144 9015
843 5647
7 2600
593 251
504 3484
855 6874
976 8162
932 670
950 3691
135 9288
508 490
261 8652
487 4740
808 5361
698 5072
177 4222
174 1496
390 526
477 6022
460 3580
881 3031
326 2967
618 2635
155 31
245 2978
659 2933
460 3296
258 8431
828 1225
908 2321
650 8869
150 612
789 829
323 4770
399 5115
284 6135
931 3549
990 3233
56 8371
16 3809
636 1900
649 248
801 7820
558 3658
274 2905
289 9645
558 1896
578 6106
340 9828
738 2891
693 727
267 4731
981 1007
833 9065
970 2426
387 1636
243 7129
249 7743
161 3472
15 2734
936 1428
73 9367
791 5643
509 2642
915 9503
851 8521
728 8475
535 2104
55 1996
845 957
448 528
68 2264
26 298
532 492
381 6875
119 252
799 1802
842 8430
531 3693
837 2603
818 8013
718 9804
334 1494
882 1678
258 3011
428 30
43 6662
859 8846
697 4333
944 158
286 3486
949 6530
773 6187
734 3250
708 4062
315 3141
114 478
988 6436
289 4855
603 6477
228 2294
949 4541
937 9642
433 9412
856 5604
774 5333
34 39
801 9202
107 6760
140 1155
560 7758
352 608
1 1042
179 7890
799 8208
130 2262
175 5460
48 1529
444 1486
348 12
776 8510
231 257
947 5623
595 4891
946 5471
524 9010
737 829
234 4988
849 3338
877 6789
922 1376
991 9015
497 861
845 5234
763 880
454 9637
240 8299
50 7026
16 3727
11 2557
488 5138
599 4253
510 4427
627 6649
504 4740
241 7836
889 4711
586 6242
532 3186
149 6584
38 5458
22 9983
727 6475
342 136
337 3581
521 5992
151 3792
947 8902
359 9817
170 4824
376 8978
831 2393
900 1461
108 533
55 6657
894 9707
773 947
852 2682
127 2526
221 3155
6 8275
286 6077
302 8633
58 4267
236 3174
71 6103
312 4034
655 5915
259 4331
867 9506
914 2699
626 7499
872 83
744 8646
127 4324
895 8660
760 1120
520 3562
477 4413
698 4686
142 8977
538 8616
528 4630
993 9154
15 1495
969 872
933 9601
815 184
80 8771
890 2995
871 8253
970 1258
597 4164
905 8465
932 9404
653 5998
307 7628
603 1994
184 1741
237 9118
710 4507
157 9479
632 9922
879 9651
443 3505
994 8353
944 1082
815 7812
567 4943
776 4208
332 5974
498 6315
389 3462
107 6541
177 3335
420 5264
978 950
903 9888
251 2190
9 4763
691 383
105 9473
504 8602
423 180
548 8258
61 8921
899 7628
329 7349
762 7615
456 1745
929 901
220 8022
794 6791
879 9761
95 5189
733 8543
879 1035
133 9505
232 4940
952 297
374 91
304 6331
603 6860
106 1389
972 9159
212 1910
402 5861
135 8786
733 1744
541 4475
10 8583
131 7265
215 1911
352 8435
209 2418
580 7124
876 9228
761 294
130 4776
821 7889
994 2287
934 5341
26 2472
107 5315
853 1345
889 7135
54 3412
563 8592
539 3842
153 2438
290 9227
170 7523
414 3891
217 7322
762 9775
130 5059
716 1493
293 388
867 3679
106 9432
297 9880
492 9132
90 8668
502 7548
595 8108
672 1370
787 5511
954 103
84 2018
470 5704
826 657
130 6833
282 7563
51 2877
396 7257
771 4323
274 9910
788 8242
118 1248
754 1542
311 1797
533 4751
940 6599
628 561
134 8552
626 8974
82 3822
220 4621
725 6383
872 3782
621 6278
527 2771
318 2076
11 1921
794 6046
329 1500
623 2109
488 70
317 2841
368 6063
613 4773
307 3022
962 182
63 2646
483 1155
394 8929
527 8213
940 7017
254 8408
936 4169
638 8744
354 5247
460 5109
697 5917
734 8127
6 3011
591 5881
291 7238
611 8281
909 4412
710 6342
378 2637
56 6745
667 9027
851 9436
523 4490
827 7789
781 2288
252 3403
665 6645
872 7703
511 2652
406 3428
209 2728
979 8
893 8063
268 2584
913 3226
321 8575
85 626
748 1543
404 6276
791 4493
130 7614
569 7185
198 1743
57 9523
497 2490
993 4231
517 5475
139 3713
823 5408
855 7257
533 8136
291 664
144 8087
481 6921
371 5736
516 1480
113 1593
794 5158
938 8970
299 290
478 1485
888 1472
536 3335
956 5990
43 8765
998 9674
192 7832
693 5797
158 1185
754 4578
344 7044
969 2798
250 8113
911 313
500 7254
356 3316
877 662
35 6993
528 9748
173 2518
794 7416
73 425
977 7528
414 7924
878 3184
967 1218
819 3034
53 9136
822 1910
192 5180
116 7283
534 6457
366 6947
738 633
918 5994
214 5361
146 7567
776 7640
24 2714
928 5335
776 7332
560 4025
757 9129
690 9388
227 2648
309 6783
674 1137
784 8737
233 2165
141 7240
651 4778
151 9767
149 6372
156 3109
613 6572
674 3261
564 1709
661 1816
365 9425
231 1972
731 4008
263 400
902 5184
91 5469
414 5661
68 894
190 5186
280 120
810 6614
483 3810
32 4672
757 4614
994 9371
55 6317
130 3618
341 1815
901 8036
644 8464
16 9841
477 9851
653 9098
928 9611
135 1540
281 1860
209 9781
927 1134
290 1045
959 2482
619 910
788 3738
838 9564
634 2581
273 7886
686 1200
609 6530
695 2029
799 1788
688 9023
806 8751
11 3804
954 7793
254 6185
809 6539
961 3825
485 7687
798 7950
784 64
640 702
87 9460
228 5774
767 9061
906 2178
346 1699
971 7099
979 6995
484 7758
341 6187
562 1187
383 4194
388 5203
402 5348
636 8921
273 2460
781 466
943 9288
317 1836
332 1257
36 4954
536 5263
651 1981
454 7344
182 3276
322 1537
370 5053
843 9099
511 9065
65 3687
38 9563
455 4194
707 1521
769 1977
147 649
351 4701
535 293
472 5264
407 1063
879 7638
312 2805
937 8693
894 8149
85 7012
74 5537
330 1903
108 3636
27 8769
257 5739
174 3495
582 4261
512 3379
162 7859
74 7527
215 568
295 2853
330 8057
739 5893
614 9773
325 287
996 1005
253 7932
190 6901
710 216
255 4593
700 6195
452 3856
623 8315
949 3652
798 1922
276 8816
284 2878
132 2216
662 2291
538 5491
3 7995
24 5068
34 8846
660 1644
534 281
805 8305
357 3307
926 4730
116 9651
536 2152
92 3795
12 8911
776 8671
574 2770
260 3038
107 3657
15 9943
187 2062
537 3813
687 1899
141 452
835 4445
296 9921
653 5028
247 5612
251 8624
141 6857
449 5253
234 6410
944 2359
564 9542
839 7886
433 2613
990 6131
667 1537
510 6081
922 8599
265 3156
101 7459
423 4924
401 1879
615 7051
575 2708
993 9074
458 8366
931 6088
950 1707
808 5474
50 6436
842 7627
790 5795
888 2045
741 1011
56 1030
876 2643
494 5364
824 9874
698 7576
564 1716
486 3158
296 1915
589 195
402 1550
797 2293
352 8469
901 6822
20 7578
391 7185
606 2825
134 1603
413 4944
913 2635
974 863
262 537
354 9161
767 9314
124 1777
824 7626
160 5197
510 136
461 5750
313 4485
395 2549
858 380
862 8839
749 4491
136 7834
456 6849
706 1549
962 5101
627 2323
468 8741
543 6176
323 4396
721 6890
195 1209
552 1784
309 6823
557 3718
337 4495
675 1231
148 6975
286 1793
811 3126
708 9788
598 4661
286 9874
885 6398
663 6248
766 9
395 2195
836 1290
761 5148
233 5659
561 764
356 3896
615 656
379 6781
285 677
234 2122
964 2204
850 1007
155 5991
378 2879
638 8154
857 6289
96 1082
777 281
920 4881
861 659
775 9239
444 6153
864 314
154 8807
295 5959
918 7405
242 2077
182 4188
218 6641
324 6039
594 2196
788 3460
111 6926
235 4440
749 9799
337 1950
912 6359
7 3296
8 2301
777 9932
307 6325
29 3695
510 64
234 333
220 5999
905 9111
493 216
207 8146
79 3919
696 7750
553 1837
725 2732
426 8029
559 3951
494 1161
257 8155
473 8817
737 9121
49 4115
766 6496
287 4067
979 6797
222 7157
802 7724
178 7821
858 2099
850 4966
706 4493
759 7351
978 3797
642 5902
568 7558
441 3833
881 4242
473 5992
971 6471
269 4588
825 5402
637 1675
990 5600
255 7033
944 6784
314 4207
94 7586
125 9367
426 370
900 4077
552 9341
963 6399
652 673
568 3502
704 5633
532 3755
499 8783
986 5290
90 7072
599 4017
738 5291
968 9673
987 4665
326 4140
222 3142
308 981
32 5550
391 8882
852 2272
517 2821
156 1198
718 6350
865 7546
262 5554
133 8363
576 8519
248 357
124 3717
440 2100
137 549
942 6561
283 1557
671 7018
470 9682
721 2270
920 2733
985 4510
530 9062
11 1757
807 8995
545 8032
228 7129
514 1007
342 4689
525 9345
894 8036
739 8771
479 143
839 8034
190 6768
393 5947
441 6310
6 9809
496 7028
641 1479
911 1038
629 8738
969 7817
536 6536
734 4207
922 9010
565 1880
179 9261
634 4802
48 5636
249 8250
997 744
464 816
419 5848
705 2822
660 6920
669 1105
922 2926
617 2086
731 2479
668 3630
111 3654
102 3042
151 2973
419 3422
648 226
974 930
662 1347
37 3563
897 6145
155 7998
450 1264
320 3358
334 5973
99 6800
257 9846
984 3230
876 7613
954 7776
160 2021
370 6563
112 4459
701 9910
674 7389
249 2904
646 9374
407 7355
293 5024
482 9764
170 2423
943 8359
964 3532
963 8783
242 2584
39 8963
405 2228
951 7074
153 7103
966 2696
891 3815
178 7478
691 846
142 1149
300 6550
59 6914
871 325
613 4940
531 9938
500 4129
487 1205
503 2332
246 4554
138 4953
129 3806
73 2455
8 9488
594 836
113 3713
119 6788
846 1668
281 2219
420 7214
461 5789
262 6982
466 4916
925 8181
9 1850
242 8567
667 4682
594 6248
750 6035
73 6776
368 7588
847 839
809 6865
526 9192
653 1244
88 8897
647 6332
413 7145
215 1577
187 7913
861 4189
236 8155
947 1700
779 7358
845 460
726 6111
300 4517
77 7904
462 5170
9 5284
568 5798
5 2736
852 7
792 6940
2 94
889 640
83 5749
841 4471
360 679
820 5854
271 5682
223 9189
222 87
667 4476
413 9321
56 9239
48 8457
210 1178
147 3520
327 7102
611 6597
959 3689
155 8994
714 169
12 9187
245 5546
139 406
941 2746
126 6523
601 876
711 1236
755 673
407 7782
351 960
971 5702
227 2750
251 3805
501 6022
285 4356
320 7331
542 8760
798 400
672 4438
790 8383
532 5663
927 8046
90 9477
883 1954
412 4620
653 4080
878 1817
682 6686
600 3062
875 7047
225 9003
905 9155
933 614
871 8834
904 9236
764 9698
209 8741
238 7668
455 4075
639 3611
319 3802
218 4443
579 1353
854 4013
275 8880
50 6554
200 8600
95 2859
347 5517
841 143
522 9566
429 8069
187 6827
948 525
287 8326
70 6906
744 6658
896 6130
714 9335
390 1772
941 6779
664 848
625 7433
297 9354
592 2718
243 7575
855 1782
123 5734
692 1299
131 5816
265 2502
34 7760
279 7315
573 20
268 7777
746 3705
621 823
703 906
19 7872
975 8864
370 8871
436 3419
517 8315
797 903
851 1980
73 5063
565 3803
338 1214
604 3454
27 1136
303 5913
482 8421
475 7925
886 1766
1000 5228
657 6526
610 5098
302 969
693 2829
203 1639
872 1926
248 2378
491 854
910 5763
616 5841
537 4328
308 9485
294 7793
55 8371
701 6630
775 7341
903 8274
537 5222
248 9234
896 9181
534 150
635 9217
503 3215
315 8789
287 2271
553 5181
7 1867
276 975
238 108
97 9987
636 1657
904 4451
425 7277
886 523
314 9495
413 2521
124 5477
844 2429
863 183
413 3626
635 6018
289 6243
197 3050
398 6190
307 2405
833 6084
883 6959
572 4590
416 3856
184 7449
52 5127
187 3795
207 9266
651 395
214 739
521 1524
668 2092
303 9825
716 2483
234 2330
555 1070
615 8022
482 3272
377 7231
946 4090
185 3312
103 882
628 4361
661 5471
945 3465
253 3377
944 5203
136 2029
611 5017
650 87
752 5523
456 3191
420 6521
482 5668
9 3284
889 1355
376 5073
57 7432
199 2637
120 4506
236 6281
941 8451
24 1159
657 2054
525 4266
913 727
848 6730
201 9198
367 8541
241 4291
362 9823
220 4115
909 5578
36 7689
21 5358
135 9589
118 7786
164 8808
771 4880
78 6597
317 8452
743 6786
850 8733
814 7476
663 514
281 5478
734 4270
843 4098
361 7629
351 517
740 7868
458 2095
590 5628
124 608
312 5758
671 5612
948 6727
606 503
166 430
671 5225
878 2633
305 6155
708 8579
726 3928
458 8856
825 5980
365 2263
337 5320
828 8495
324 875
559 6753
20 8202
480 6692
629 6408
261 699
668 5246
891 5456
641 100
524 5453
965 9909
162 381
20 559
857 5391
20 7696
240 4387
804 2890
672 6490
917 4543
851 4105
36 1764
157 3654
477 3282
910 569
433 1776
526 5500
961 8042
743 7371
960 7229
711 4965
260 5335
274 8264
172 7259
67 5400
187 3979
947 7400
67 9820
216 1566
803 1173
320 8803
273 1407
506 4928
200 3557
827 946
643 3269
542 9319
519 7118
387 574
84 8655
968 3882
268 2334
874 3183
274 926
957 6307
516 3223
295 6430
306 6497
345 5418
380 2328
797 8051
406 3321
192 7447
295 5363
897 838
989 9863
520 1170
450 2584
535 6048
74 4571
500 8517
434 456
676 7706
746 7030
401 2616
707 8930
429 9452
362 2440
788 4563
586 7000
854 8895
189 6498
585 7135
620 5146
930 9722
9 1572
949 4453
868 3064
200 9863
115 3774
804 4524
127 5763
971 1630
405 3218
530 4973
282 1372
288 1448
118 3072
181 6962
546 9346
356 8509
353 6120
392 2833
738 3431
434 8614
163 8874
857 5813
375 8923
256 6394
705 4664
763 5764
502 1310
793 2643
735 2177
619 9977
948 2370
395 2777
921 7830
374 6299
36 2518
10 437
828 5497
952 2818
899 8570
130 1167
821 3768
373 5592
166 1728
480 2639
344 7973
395 1349
386 8841
928 9711
177 4336
173 9345
994 2339
168 2150
501 4778
905 6517
547 6401
146 5213
817 7619
370 8394
851 562
685 1836
881 2140
901 7415
380 294
356 7309
753 2517
287 3285
684 9232
620 4807
30 7103
236 7917
360 3854
649 8836
869 5802
576 4200
843 5746
392 7275
170 6007
785 6829
395 3564
126 8389
17 5285
955 2422
699 668
14 842
359 9991
593 5227
624 5827
950 564
249 6284
369 8372
272 4529
378 5114
851 7860
320 2521
37 2936
838 5397
785 8225
744 6724
517 2983
823 2558
9 1266
656 6541
949 5598
345 3229
885 8217
4 4588
232 9776
961 6906
844 3589
120 9994
748 9899
268 79
986 4343
120 9343
492 8177
965 9539
210 48
218 4996
670 7889
818 2239
522 4721
17 3010
885 4957
63 5980
550 4649
115 9424
86 293
744 8562
426 7209
275 4296
663 5162
650 4041
300 5474
414 8737
882 7307
553 1803
303 6228
416 5413
558 7898
202 5199
992 4815
127 4907
925 1095
138 3742
43 1221
319 4925
494 3602
668 9889
621 646
811 9315
779 3692
94 5743
387 4066
570 2677
251 9926
636 5923
209 4762
294 6828
200 2288
978 4675
140 3149
301 6704
33 6362
589 281
903 1502
931 6266
496 7861
234 1581
752 9899
973 7634
276 9377
796 1032
827 2311
631 5969
240 943
537 7073
549 9968
782 8559
200 3744
476 1299
9 1976
573 3190
354 9924
259 7428
581 3760
3 3628
225 4651
954 6590
13 4327
426 1692
763 3910
693 3785
326 4430
976 9164
83 8406
857 7149
835 9350
873 3431
287 3002
731 5924
514 7407
234 9540
498 5428
174 3525
727 1962
543 2795
354 3108
128 7577
863 6439
309 1526
355 1451
21 7577
37 919
528 4381
216 8856
993 333
7 9130
980 2504
328 7469
505 9550
98 2001
431 4096
262 8489
521 5827
888 8604
132 2509
806 8303
854 2710
88 7275
1000 4120
326 5501
549 7519
613 192
72 1754
522 1940
785 1927
700 6715
400 1050
549 2374
832 1254
258 2891
805 4449
310 7922
478 196
130 8611
91 7337
256 3513
399 3515
762 1137
558 1192
511 2539
680 1154
830 9927
348 2953
985 4457
357 6338
163 4294
96 9011
202 3924
107 324
517 6237
559 5342
646 3260
903 9743
288 6749
574 1188
273 177
964 9262
105 4167
329 557
641 7620
520 8135
205 9499
341 4737
474 4357
367 5460
263 5482
614 6729
1000 8214
261 9917
166 724
681 7261
31 3654
135 5402
300 1738
273 8438
677 8341
402 8613
911 5420
773 781
886 3222
625 3269
154 6155
815 7913
830 8135
321 4660
684 9959
997 7395
561 9610
128 6424
639 1456
227 1685
413 4142
817 1372
576 3688
102 3365
302 5093
33 6968
221 2335
666 8542
632 6303
372 1235
273 5444
396 4247
928 6557
191 9640
906 2698
159 2296
58 462
407 4957
843 5791
706 6411
418 7748
359 5836
768 517
159 7288
966 3647
829 4652
176 6957
684 4887
578 5663
532 1368
453 4038
197 7377
450 2453
842 4822
813 2849
119 158
291 1378
419 8992
500 367
374 8615
241 8677
99 3215
542 8273
887 853
896 6384
424 2809
536 262
158 4591
254 8595
708 7897
887 1295
943 8414
895 4303
862 5910
247 5708
56 9116
655 2563
656 8394
708 4831
356 3023
667 1329
417 8860
516 8296
160 7234
335 4921
204 5477
809 727
113 2315
16 8699
582 4765
378 1469
35 9541
578 2584
195 398
707 8153
211 3815
378 1600
257 9519
263 4366
365 1450
404 2709
274 8058
772 7611
573 950
365 6566
469 3238
582 7120
41 3444
681 1652
733 9916
761 5103
460 5068
117 4367
190 9812
475 8839
28 7655
877 7545
534 5528
679 9177
308 9981
206 2752
705 4303
458 5654
433 1095
908 8935
36 7618
208 3263
367 8046
772 9965
562 2106
542 3251
652 6681
138 1619
505 5519
609 3475
780 786
715 9578
772 4713
941 656
283 8256
395 1953
801 4562
87 2506
613 9437
375 10
572 1585
426 2306
103 4704
555 2533
305 3455
28 2904
998 5571
628 5122
557 5797
97 7581
959 6190
910 4355
869 843
798 8465
860 25
662 982
620 5081
966 5236
668 1405
312 7326
600 5641
279 5704
483 5154
577 4346
268 194
197 573
53 1777
885 8011
918 6445
533 9906
918 1875
961 7474
674 8130
370 8602
956 7087
194 4270
965 5531
155 6531
586 3534
283 3313
602 8320
794 7776
221 4553
9 8091
486 6632
404 319
234 7561
241 1052
919 6797
767 2930
837 9733
543 7045
799 7063
902 9322
379 3927
752 8007
765 7534
814 2214
63 9527
305 1921
964 8332
396 439
376 3837
85 2677
793 1624
595 5918
800 3745
641 7987
216 9212
393 4331
334 2653
730 6284
55 8879
226 6975
564 1513
780 3375
432 5818
891 6970
640 8845
732 3614
546 8501
232 3517
758 6754
159 265
736 2394
245 2072
683 4097
736 8288
518 8944
15 7019
171 4321
916 1060
474 8688
331 9992
874 4283
496 278
32 6547
868 5599
614 9145
617 2741
605 2625
680 4831
514 1073
378 435
780 802
476 9115
979 4382
304 2304
579 5808
626 6673
982 6406
176 5805
781 6930
273 8228
216 6948
407 5385
88 6865
196 7778
187 4655
744 7862
816 4790
656 9437
142 767
336 1748
425 4920
938 1254
661 1166
412 1267
360 98
286 1228
908 3140
57 3060
970 6874
616 2608
263 7113
338 4343
170 6602
133 9459
331 438
908 7086
638 2778
546 1189
813 6836
309 8456
505 7699
51 6007
434 7018
375 4182
753 1741
956 7465
156 2961
560 7192
202 2672
195 3692
858 2978
477 895
264 6389
578 6448
760 4966
697 3116
96 6149
96 7157
642 2372
177 3823
599 9576
904 8557
780 2822
515 808
336 4743
264 8264
964 7748
361 3960
665 457
779 4454
413 1366
585 2063
422 8024
405 3671
924 3092
560 1295
187 2445
637 589
310 4488
473 8071
885 2431
997 9079
343 922
186 3304
416 3335
491 4774
620 1138
998 4658
57 1309
939 3244
649 3097
483 822
397 539
433 6663
906 7207
932 8485
335 5608
506 3225
389 6278
670 3087
853 829
931 8130
877 7356
959 6004
227 9571
720 6051
703 6803
809 3029
429 3969
366 5309
624 3524
51 5250
824 9010
440 4302
252 8038
15 4669
496 1484
516 9993
184 5411
28 1380
874 2681
566 1358
344 4050
564 4282
907 7474
594 5117
712 9389
934 6910
119 1917
862 39
926 8844
268 3570
713 1045
797 8252
165 5751
613 4340
168 513
236 4940
323 7607
995 7495
623 2651
199 553
571 9252
861 4842
99 1530
548 3842
58 7447
621 3070
513 8023
406 3561
493 9864
994 9219
932 2314
690 141
424 1600
366 107
634 61
660 1184
551 4135
840 1380
822 9287
746 9713
448 5463
147 1025
534 7618
383 4162
694 9206
395 9777
358 532
336 4498
903 9295
446 3014
602 4984
969 6962
286 5784
599 2174
592 7478
584 7299
128 6700
28 9676
514 1878
64 165
818 6882
736 4031
590 8576
814 8377
456 3010
417 3400
321 9677
198 143
487 6358
411 263
631 2598
62 1688
410 6470
625 3149
436 5235
881 1892
608 3322
98 3675
37 2604
508 1700
483 4059
497 7457
694 9115
596 4759
81 2849
146 991
324 8695
756 6432
103 8213
843 6998
540 8457
42 5070
248 1872
360 6631
217 9690
250 3681
425 9017
484 4433
105 9041
833 299
246 3945
382 3798
592 5337
243 6299
197 8490
25 5014
802 952
436 4739
626 7458
297 2545
828 5976
665 9698
568 476
380 5016
826 6337
871 9561
518 9311
446 6988
913 3260
601 4234
150 4675
59 1885
278 3201
293 8563
70 8802
279 6699
860 504
31 70
354 5604
752 7031
313 6250
484 6115
679 1313
794 7633
825 8944
776 187
185 7410
456 2171
384 4626
335 2462
524 175
993 3876
443 2281
998 2333
486 8257
584 6365
687 4509
386 8904
978 8209
578 1478
47 3638
287 1440
454 7590
955 2960
49 221
745 853
669 7273
103 252
344 9803
189 6775
556 8756
188 1449
546 3880
240 8632
576 9677
446 9866
251 652
422 8343
341 3423
553 1629
871 3393
579 86
575 8433
609 3331
27 7438
620 3988
84 843
580 4605
372 4396
606 483
231 5943
574 7484
93 9780
13 3826
934 8637
635 1600
28 8686
221 4787
452 85
600 57
564 1554
643 9861
70 4872
465 2872
299 2218
612 5353
41 5326
731 3486
733 6893
460 7376
305 2912
882 9707
759 7204
503 6426
235 3271
594 1903
500 5576
355 2456
98 6762
833 299
33 929
370 5962
237 2706
571 3951
932 6599
995 3057
190 3609
724 9916
704 2563
266 4109
492 6229
809 9843
809 6382
762 7807
305 4033
902 4164
645 6064
545 1735
731 9219
240 5183
392 3858
171 1333
478 5510
347 2453
727 1308
36 9243
47 4033
548 8519
173 2454
825 4905
978 1533
127 8772
447 8329
647 174
483 5874
409 5758
691 8558
818 5741
512 1753
990 7797
884 1581
719 2260
860 9018
19 8362
606 1759
257 4342
132 1230
340 8700
400 1483
366 273
965 8637
470 365
364 1563
266 3207
827 2480
149 1612
31 9080
385 4185
123 1488
86 171
454 9241
889 5318
881 1476
909 6362
94 422
645 4943
458 5302
799 9418
266 7002
874 8181
793 381
512 906
536 1115
364 8888
125 4883
669 2652
516 7668
649 9689
104 5712
882 7696
818 3131
404 3080
328 299
436 3847
695 5482
242 6710
417 7295
855 8960
200 9208
311 5202
408 7971
520 6557
504 1600
633 8975
737 4144
291 3661
661 3880
411 6220
401 3326
765 7138
563 2186
458 1257
571 1110
794 684
382 6654
58 7960
414 7985
367 6172
178 6765
81 2872
700 5718
249 6977
510 4799
2 8395
131 6190
539 269
12 4140
866 4256
152 9410
66 8624
369 1933
454 2809
870 2411
579 8314
75 9963
849 3285
82 5472
722 5132
821 5678
81 501
192 5611
900 9143
587 4799
234 5994
662 3924
229 7899
859 7078
169 3733
496 1315
962 1240
969 4395
570 9317
433 8784
704 7663
210 6615
305 1803
247 3045
858 9664
33 8595
171 3880
367 8362
461 9660
387 2567
732 44
620 6695
918 1636
518 236
26 1847
883 8469
650 4408
501 7433
200 3323
624 3309
228 6392
844 3928
235 8696
57 3142
289 5349
346 1538
240 2398
850 9273
718 3648
841 9965
131 5837
454 1472
775 1465
782 5716
352 9367
908 65
106 5984
350 9599
964 9659
110 9303
321 5814
142 7877
180 7227
346 280
250 8171
561 7728
875 9478
580 1343
433 5104
301 9336
112 6590
49 3363
108 454
734 5750
725 1778
29 3372
845 3293
704 7074
832 2355
164 6212
258 4037
544 6548
148 8659
748 7507
112 1647
691 6806
1000 8608
968 7841
930 5756
580 8975
6 3340
374 9655
589 8763
497 6488
332 8855
145 1838
638 5422
517 3785
597 5730
190 9789
298 6517
630 4780
984 3997
986 2157
148 6784
488 6360
159 6905
353 4551
754 817
823 231
824 454
160 2516
223 7222
609 7120
102 8948
202 9275
472 2226
248 8140
40 6325
574 3126
291 6900
626 7347
336 6265
94 7229
274 2877
436 7295
540 8223
296 200
475 2318
594 823
592 186
425 4335
395 3910
56 5892
32 3880
340 7308
189 9447
235 5199
825 4860
798 4631
279 3553
87 1952
384 7012
195 7880
372 6548
817 4848
705 1506
329 3784
233 6913
598 4758
433 3639
380 5039
308 4409
929 5900
699 2610
911 3079
447 4412
408 4602
69 3924
736 8310
745 2874
831 6377
35 8830
468 8310
604 5428
826 7089
569 9504
670 8208
727 2506
374 3002
804 4203
827 2731
244 5726
775 6638
521 6367
792 7793
194 2015
307 1076
340 7453
937 7689
179 9405
484 4597
802 5733
586 2269
230 8075
393 5450
230 2264
305 9621
701 1271
589 7211
46 2021
649 1625
407 131
684 4896
782 1631
239 4770
366 9678
61 6690
211 2197
840 8616
753 6250
994 2266
504 4967
593 4820
98 2055
984 7984
163 4327
796 5470
304 7846
476 5885
464 7796
192 4191
933 6358
995 6617
555 3216
457 911
64 7497
81 2828
354 7722
475 2424
147 5710
898 9631
376 5539
586 9456
797 2520
450 5579
98 3900
323 818
969 869
432 3720
564 7158
900 6804
827 6934
222 8174
724 5392
991 1297
25 621
409 487
29 2107
90 5088
862 2393
335 2570
300 312
185 6569
216 2155
906 9184
526 7415
824 4502
739 4403
369 1010
646 5993
133 1967
458 7747
847 4952
338 4062
483 8796
868 9689
9 8219
694 1862
128 3046
772 3448
835 3570
39 9171
823 5717
342 2607
634 5527
57 485
773 7154
616 1519
11 7554
56 3916
287 3718
997 5161
561 6172
825 1464
17 3480
51 5660
26 7677
728 7819
736 1713
766 1594
258 2669
947 1060
992 7451
178 5571
325 5398
741 1733
429 812
299 2935
496 7263
451 5101
429 3215
95 3320
519 7505
874 8829
19 6635
82 708
359 2805
958 7430
589 9416
807 5934
165 4514
499 8329
726 4160
341 8453
773 7139
326 7637
235 2603
751 6874
738 3934
604 3995
568 3425
33 3614
203 989
480 7948
715 9371
89 2320
443 5304
736 1720
840 9777
603 8178
311 8183
545 1840
459 6796
323 4740
388 8468
741 6324
192 2565
30 3478
477 1110
243 2772
396 4051
167 217
920 3479
30 1394
612 783
501 7934
992 1069
908 4606
380 4595
675 2885
155 1027
607 7624
881 1909
22 4894
397 5089
374 9072
839 8464
818 2186
554 6830
124 1784
603 4315
43 9369
351 2629
559 4367
105 8382
15 3885
81 8812
417 5815
453 6371
530 2980
355 3501
33 6207
276 994
816 4273
611 2287
586 3832
404 3459
238 1555
981 93
234 1492
415 6207
200 5724
853 4077
163 4145
643 8158
386 9626
711 6121
620 7537
812 4905
514 1232
2 2666
705 4964
558 4569
300 7021
720 8310
637 5147
31 9413
396 9634
230 8008
614 3654
963 518
431 3951
858 8791
736 7238
613 1446
177 5638
23 8317
287 8747
259 3787
999 9173
825 721
656 2774
898 7856
165 1039
822 3100
104 5879
517 5675
888 2051
650 678
259 9006
457 8071
940 9714
106 9161
573 5949
58 9243
390 7805
289 4828
444 7220
46 8192
90 3892
565 6601
91 3298
145 1278
725 7607
521 8199
503 442
502 3182
771 8534
403 511
628 5290
635 936
232 3652
567 2633
583 1044
845 5973
307 8783
665 5343
669 7449
575 9821
61 4185
550 2008
298 1880
630 5177
910 5746
106 4445
491 3394
471 6178
159 4586
562 1111
299 1528
238 5983
528 5106
939 2286
464 715
263 4154
291 2602
929 3194
22 5914
992 3930
317 2164
952 4805
274 1110
396 1785
107 6943
372 5878
167 1456
817 1087
705 4172
932 1766
891 4856
250 2835
532 2171
834 1118
178 7438
588 4432
600 5309
731 2774
713 3444
980 1805
730 5347
292 854
267 8698
86 8915
982 5164
826 5752
46 1568
142 4026
217 3835
905 8355
6 6694
970 2203
335 1230
885 3616
864 6430
701 671
333 9446
555 6008
487 7559
653 1389
167 3652
799 6258
801 5891
821 9918
82 9689
518 8825
538 9585
442 5579
443 5925
805 9011
719 5571
561 3613
565 776
119 1178
924 4440
862 4907
589 5380
330 2982
341 9201
246 7887
56 9351
249 8544
303 7455
765 3809
210 9348
602 6783
990 7298
351 761
352 1914
129 2077
600 5115
474 6783
935 9786
539 1475
136 5035
689 3725
162 2436
379 4280
435 8784
553 6667
758 8026
302 3493
118 4061
623 1905
880 1723
410 7634
108 8642
927 8664
740 9735
186 8793
460 5471
350 105
792 5633
123 5681
592 4229
112 1451
134 7175
393 6467
429 9940
145 967
564 7754
721 8552
321 3308
711 6343
622 6124
319 5720
743 8991
997 1137
305 4748
832 8907
60 7900
233 5024
306 3067
689 5035
653 4133
774 1050
60 3929
861 3295
486 105
377 218
100 7880
562 4288
307 9818
127 6519
792 1798
524 4311
601 5655
804 969
754 9718
391 5131
821 625
972 538
184 6983
584 2615
243 5049
29 3058
399 5610
844 4881
959 3888
426 153
34 976
438 2227
766 9221
961 9976
446 9912
60 9861
133 3833
685 9080
464 9684
665 656
872 77
187 6832
629 7028
219 8620
723 3873
384 9705
136 8425
150 3905
627 9877
440 5133
350 2434
23 9624
629 9483
959 8962
309 8385
161 1226
69 3875
707 4930
183 6805
97 7167
111 7581
999 8310
994 7808
629 5936
80 25
153 6230
699 2674
703 1620
5 6217
852 3930
29 6348
894 3126
730 3068
45 6410
238 3885
453 8476
995 1348
225 5632
57 4695
305 4832
686 7680
148 4484
316 7994
462 4154
702 3218
707 4350
74 3063
737 178
776 729
322 1479
64 8781
391 1762
688 9127
421 9031
564 9677
707 6881
155 1803
202 9304
936 8041
763 1672
190 454
948 4400
299 4608
763 3040
389 4057
344 4521
487 6275
543 7281
732 5476
963 9612
330 467
276 6483
185 7768
978 3552
809 9023
838 847
919 2277
367 9535
671 8089
419 3710
891 1132
369 9568
914 5713
301 2649
241 6925
636 7053
621 5143
267 5878
807 6056
507 6366
686 3516
776 4512
847 9535
725 9627
96 3905
945 8414
640 9826
276 1725
313 1397
90 6154
782 8897
422 4028
796 4522
520 251
532 6380
855 609
495 256
623 6810
944 6021
28 340
550 4232
140 5615
54 7099
185 7614
788 4897
380 7524
699 191
651 1431
488 4333
131 7040
402 6227
205 4201
756 300
165 4957
865 5845
926 5866
895 5694
207 6482
756 6167
248 7365
460 3556
685 9479
864 2458
417 9696
31 2159
52 8343
128 8381
573 1878
382 3982
568 2505
698 9889
553 7070
28 1235
199 5733
986 3911
897 1808
655 5246
747 260
437 8735
642 7958
882 1391
707 639
735 9194
304 1272
507 4504
642 7598
748 6023
247 6910
126 4408
213 1689
713 8969
325 8513
134 9439
336 9370
98 9151
5 6297
890 9247
272 8664
373 8650
444 8575
53 9497
922 5692
101 7449
607 5212
699 1099
561 2271
87 6879
642 2775
250 3560
163 3480
632 1610
162 1513
382 175
388 5554
811 2045
995 300
106 9200
568 4419
550 5062
353 5718
605 4366
708 8005
270 1528
298 2690
986 5031
988 7040
245 6833
985 2375
629 1181
774 8333
290 851
867 5165
4 5983
860 7940
88 7438
157 2206
915 2655
165 9789
548 2051
627 9490
270 5726
956 2369
219 6595
866 513
753 2922
517 1849
609 7773
462 7604
698 5925
447 733
954 3058
356 3235
221 592
572 7174
19 4163
727 8951
214 4683
521 6748
153 3231
373 7001
713 6534
779 4119
399 1529
883 7760
548 1699
31 8688
692 8112
196 165
203 544
784 7872
650 2037
349 7954
18 5136
236 1439
471 7895
315 2605
734 3506
247 6341
558 7993
714 9873
739 5911
885 6284
54 5370
638 6773
205 6143
108 3611
81 9642
53 7777
546 1676
222 939
437 9898
947 7199
326 2221
793 4069
261 8492
787 359
965 7107
738 8369
752 5758
691 2113
188 3038
845 7351
752 738
479 7014
855 1071
582 4417
555 6873
132 2414
226 695
666 4502
981 1074
142 1618
211 7813
245 4335
722 7774
850 6379
270 4827
508 5221
415 6974
220 5008
639 5385
996 9856
145 3298
424 2570
59 2288
72 7944
308 3675
844 7555
910 7999
286 1270
604 7033
59 6993
149 5992
185 2771
135 6908
242 9343
540 6154
656 6551
8 7158
166 979
848 1960
429 75
475 4983
139 3976
133 9872
45 6119
191 2703
494 6213
936 7555
349 4227
462 4542
235 1187
725 5363
482 9400
798 8470
270 5178
728 3471
207 3567
987 8278
469 1987
784 3896
290 6640
385 4768
371 2118
566 4878
727 8740
358 3603
925 5084
409 1234
762 450
869 5649
232 5805
221 373
544 9541
275 4873
665 2018
934 759
21 339
156 6540
818 7668
105 5080
71 166
670 4171
170 8602
419 6361
896 4934
516 1078
637 1710
870 7387
599 2811
539 5502
231 5047
786 8061
527 8543
703 3268
660 9679
272 5633
557 3737
750 9286
729 9710
64 2695
349 5410
627 9111
459 7611
124 5583
908 9987
35 9863
399 7601
513 1338
574 1411
410 2358
743 3703
492 3545
177 9085
134 1685
618 6566
953 2108
815 1831
658 4051
604 9734
77 7155
271 4027
851 5827
545 2288
700 3055
124 8609
589 900
389 5549
363 6944
787 1490
926 2854
198 276
150 712
640 5958
473 7611
327 94
130 3014
944 1269
75 7234
157 7780
860 7530
616 4216
368 5340
413 4959
231 3287
563 5320
238 571
59 9559
136 8731
823 8061
160 6237
244 8099
420 1480
864 3824
427 4052
819 2894
111 9677
34 2521
780 7664
735 3343
462 3532
18 6240
350 4178
954 9054
782 773
828 3214
431 3290
771 7237
914 1577
845 6588
908 9481
348 3452
151 8295
50 1426
375 6159
619 9755
26 1825
86 4089
671 7133
180 1819
479 5975
799 3672
879 4195
652 4261
843 3049
601 3577
524 9458
143 8368
915 9272
144 5029
731 7657
481 4981
162 8725
89 2386
351 7931
544 4526
821 3407
56 9771
671 3367
79 8321
729 4248
594 8984
645 3117
467 1545
571 3488
332 3904
399 6959
25 8044
230 1303
674 1357
704 9292
925 4949
727 1679
448 3239
854 6517
348 1195
619 5559
378 4311
702 9468
594 8342
199 5519
694 8085
178 2591
884 6384
990 2313
57 5817
313 1536
725 6641
869 5830
781 7149
278 5551
252 4705
810 6580
64 5128
511 6237
131 7337
983 4822
271 6547
742 4602
896 2498
338 9067
542 8326
930 391
632 5747
552 3284
505 731
918 9940
949 917
404 4833
252 1705
472 1010
582 3570
299 9699
366 7882
18 8577
383 4512
459 8683
785 1253
443 5234
244 6729
670 3849
394 6483
575 373
465 2950
194 8077
359 6844
953 1674
748 5551
652 4136
986 6138
887 1107
304 2844
119 3194
746 9140
797 7583
786 1781
433 5141
802 2531
703 8000
463 2340
821 1800
527 3280
722 5813
635 273
968 1123
717 3923
947 7616
715 6436
720 6681
962 7653
542 160
315 4790
391 4056
152 1517
263 7126
759 239
564 7890
582 8133
900 3603
221 9417
369 9478
166 549
928 7016
408 6714
900 374
343 4982
999 3204
621 4108
402 1378
484 1072
408 1064
321 2776
926 491
482 8283
645 9477
344 965
14 7296
334 4721
76 5195
791 7741
693 195
955 6889
777 2315
298 3703
505 9764
790 108
992 5253
693 749
245 1315
597 1427
719 297
54 2455
319 2433
771 1062
321 6985
504 3421
178 9695
261 3517
859 5733
129 8360
420 2253
559 7297
473 1740
100 6480
304 3323
486 4587
593 5809
630 5550
492 7434
662 4563
70 7602
668 1178
19 9498
341 4834
773 6482
626 4941
883 4972
701 6128
42 7183
588 799
112 4817
909 8533
419 5595
784 7546
93 1241
800 4538
539 8967
337 212
17 9284
51 7448
935 5890
829 5448
454 4451
618 2439
147 3677
663 7484
323 4215
514 6016
885 9673
60 7019
291 3839
175 7050
400 6663
169 7500
122 2909
407 5311
753 2469
298 311
286 3553
549 6920
484 9046
260 4278
866 5900
613 9307
831 2058
714 2081
524 813
205 7363
765 3153
475 2672
608 4166
337 5736
243 1388
881 7116
281 4071
397 7761
958 4027
178 5037
150 3088
351 2216
657 6894
3 4156
50 9346
297 3749
234 839
767 8594
129 5165
362 2801
238 1334
387 9702
369 3059
652 2228
23 1210
947 5217
310 4355
558 326
660 2310
61 7437
555 7758
915 9105
552 7272
365 7328
463 7492
592 2140
960 6130
462 7845
509 1638
490 5248
1 9253
854 5635
433 309
564 710
470 6272
634 2658
921 4769
299 4901
845 7556
405 6668
425 3546
645 9496
923 3378
316 4601
589 1761
429 5845
170 9386
708 8497
281 8886
1000 9078
49 5565
217 2509
731 3355
482 4835
883 6587
719 2725
231 9071
64 3332
373 9701
172 6370
713 5650
502 5059
452 1787
67 8589
749 1607
657 9607
908 7870
130 7565
321 5004
758 3354
921 3342
132 9419
201 1379
593 5571
456 9659
870 7025
417 4891
710 6970
422 871
653 3909
686 9702
193 74
271 8034
733 2914
331 7636
633 1082
975 3387
626 1759
159 9174
504 6082
747 4389
434 1620
813 1899
267 5003
432 6526
800 4011
946 9957
496 7358
34 7464
994 2476
306 3236
857 5506
661 9796
171 2751
954 7800
757 7874
398 1585
80 6317
790 4658
159 3748
330 2928
830 6990
818 3395
76 402
149 4162
97 7771
604 1034
816 8021
755 4568
878 7501
856 9625
512 2947
850 2113
8 7899
802 1600
281 9335
581 5710
278 7694
359 6544
38 3976
640 7664
626 8480
979 3928
997 2304
274 4951
11 5111
659 2234
106 8838
965 2563
691 5342
603 9174
713 9091
255 3078
352 923
848 4172
175 4736
732 9216
678 1737
614 9101
224 4484
120 4609
242 3199
137 42
217 9865
969 2809
375 6358
559 2642
647 9192
2 7722
468 9510
836 6343
589 1880
719 4003
252 6744
300 4585
233 4226
551 4518
139 5204
764 4664
991 702
268 3154
326 8387
632 6934
883 2182
180 6152
370 1837
629 769
906 97
243 922
915 427
343 2828
872 1224
118 886
270 9750
579 1366
867 5748
456 7694
911 1525
741 800
437 8669
519 6034
75 5858
98 7435
93 3739
799 1027
829 3796
950 5110
742 232
300 4049
747 1621
510 2963
349 1467
580 7565
602 6541
751 3330
14 8493
754 3623
517 3123
563 115
798 2343
267 5824
241 1122
258 392
441 1873
715 8264
267 6513
134 8975
173 5763
696 1039
927 5497
788 27
420 9047
861 4887
658 626
225 7515
717 4116
239 9216
671 1013
889 1328
91 9683
19 8297
117 5675
153 5739
259 7213
812 1109
910 3419
909 4843
817 3865
48 9842
856 5758
810 8562
418 9842
331 9859
40 6685
684 1376
747 2830
66 3302
137 2001
961 5829
567 6199
384 3965
176 6882
251 2210
100 1093
875 9321
225 1287
736 7848
622 5153
568 9321
290 4075
532 3782
785 6258
857 1086
182 8997
44 5870
970 7922
213 5353
987 2317
980 3392
997 4506
223 8266
828 9773
737 141
199 2945
92 1874
167 8573
520 5572
389 6512
577 4689
126 5125
796 6791
866 3407
249 2712
465 8510
938 7446
356 216
394 5719
49 7985
991 8929
119 1730
849 350
173 2197
144 729
327 7702
280 9375
705 3827
552 6063
441 3453
638 3274
312 1925
780 6754
369 9999
326 9326
361 241
1 5108
197 1572
501 2158
342 9666
564 1093
319 4758
704 5544
397 7630
360 7302
942 716
123 7295
538 4080
826 4070
813 7711
202 9265
186 2847
359 7287
760 2024
298 4048
641 6771
644 1945
126 2350
328 4781
27 8422
348 7916
833 28
992 3047
222 7952
212 6961
798 8168
854 9487
141 8089
