1000 879
514019 8 484 526 71 25 797 544 522 316
570813 6 288 833 791 284 383 165
502017 7 304 182 155 401 415 510 271
857250 6 420 855 441 468 88 683
54031 5 265 494 627 971 379
724722 5 428 955 969 109 544
562626 7 429 926 915 597 392 233 581
384372 7 164 455 581 680 631 607 849
92977 1 389
759870 7 64 155 512 897 48 90 483
101351 8 424 437 887 57 102 617 452 123
88154 4 704 192 348 978
889749 5 421 893 419 265 380
879850 3 88 921 931
133096 8 941 418 963 179 985 235 403 242
387811 4 257 135 903 985
67366 6 366 744 329 768 951 978
563102 7 822 836 148 597 844 60 181
94374 7 633 169 127 430 300 532 851
878029 4 672 82 467 137
699817 9 367 262 711 424 787 617 853 649 919
813818 4 167 627 24 894
911199 2 803 578
780689 9 780 493 979 989 245 22 314 531 864
360690 8 305 909 1 426 213 31 942 986
984465 6 488 747 242 854 819 256
485210 7 560 54 811 451 667 609 181
110976 6 779 272 675 73 341 31
704574 6 117 712 921 166 903 74
553938 5 236 567 247 625 866
58518 4 28 354 331 25
218593 6 235 547 453 872 41 873
641102 9 994 41 51 981 198 57 213 443 840
560534 7 442 725 602 525 861 501 701
592194 3 917 800 830
211485 6 921 427 436 882 322 396
801607 9 841 289 775 899 352 312 549 991 757
154819 8 316 47 946 912 299 634 843 267
112208 8 386 177 83 798 537 812 380 879
894583 7 454 856 894 700 446 542 359
914689 7 209 32 553 33 643 170 628
213558 9 175 456 855 254 318 384 265 887 95
499089 3 297 516 999
804437 3 262 442 906
93408 3 247 546 464
632184 4 418 533 972 301
192247 7 416 903 142 435 38 299 257
677125 8 728 647 10 290 329 478 711 564
711637 7 181 611 886 807 826 564 794
802972 8 170 847 165 417 554 199 347 828
71505 3 716 990 33
927805 8 256 736 689 846 758 843 797 262
133141 4 163 703 421 831
982703 7 770 354 900 819 466 27 598
224846 4 451 770 259 140
493831 7 555 576 184 539 473 484 698
967168 7 11 414 240 593 850 339 33
710055 8 428 121 839 271 358 168 135 913
604806 6 629 475 834 666 435 722
671741 9 157 933 964 18 486 674 584 725 335
780344 6 488 624 170 638 230 931
663323 1 815
406685 7 949 764 430 869 199 696 939
937798 8 818 305 861 851 97 469 10 873
740208 5 576 679 777 720 495
998879 5 898 711 432 618 315
149282 4 121 646 571 427
541814 5 866 513 596 822 768
670049 6 432 975 490 348 264 240
777841 6 883 956 464 242 632 415
436397 8 596 876 774 813 1 443 369 316
584737 9 147 788 280 431 388 972 252 936 862
991399 6 263 173 649 28 365 108
451837 3 624 843 29
905525 6 437 352 549 841 128 899
601158 7 279 287 876 244 745 952 813
84020 6 837 763 423 344 364 549
97771 7 622 186 453 191 544 989 609
278282 5 151 628 209 257 471
795657 5 394 313 692 427 137
417094 8 806 313 473 804 225 422 212 945
349787 6 791 661 369 186 20 948
723461 3 406 161 39
550235 7 1000 796 402 719 182 829 860
332489 3 401 942 524
948306 6 549 956 238 402 776 899
560417 8 786 116 471 652 100 589 553 446
816008 4 14 293 664 4
174712 7 330 538 368 610 560 920 749
165222 8 881 953 460 10 764 340 303 199
4101 5 967 260 979 915 148
471408 7 882 322 355 716 142 116 683
344897 8 601 245 868 169 790 474 504 958
927137 6 542 198 845 636 201 388
409205 4 42 737 754 598
601456 9 902 984 764 831 251 374 609 530 519
442367 5 64 448 343 568 462
74838 5 162 911 600 140 234
143270 8 968 807 891 333 469 851 590 734
112416 8 492 912 218 253 888 87 829 287
852678 6 408 522 400 509 629 628
96018 5 380 766 11 796 300
213504 6 650 409 809 997 364 966
360428 4 626 490 332 195
547854 9 682 283 649 928 654 265 558 796 537
119029 6 482 824 506 111 654 738
961585 4 539 209 443 795
631873 7 744 154 73 714 666 645 953
733151 5 6 281 559 653 342
239867 6 461 559 563 535 987 738
943881 7 163 319 466 106 756 577 989
150245 5 266 765 327 625 639
589653 8 185 805 595 567 237 635 639 987
183694 6 671 850 532 657 881 343
216831 6 549 635 645 281 598 581
438493 5 446 92 87 555 716
648351 6 412 375 759 833 120 29
777247 6 507 317 256 375 543 774
770853 8 489 330 856 664 536 431 359 874
339415 6 435 751 621 117 450 396
458820 7 638 67 253 58 441 840 539
774953 1 392
810822 7 329 298 11 944 664 174 739
320068 7 814 411 831 444 324 848 365
702089 5 918 377 748 353 294
736378 7 896 793 550 938 294 349 292
921524 7 146 516 781 290 133 19 540
660808 9 760 923 330 513 336 647 934 75 766
327567 7 162 551 779 781 949 704 954
581145 5 557 505 734 350 166
773223 3 543 437 817
696596 8 255 166 311 970 179 673 410 662
677162 5 347 169 971 127 590
503078 5 543 648 751 456 572
57024 5 283 981 557 58 16
225015 4 415 449 297 260
622106 9 889 576 509 80 833 813 20 480 396
18608 7 554 159 915 597 603 165 887
373239 5 949 608 888 423 968
871609 6 55 98 949 677 410 575
774826 6 913 266 688 895 626 368
833472 7 600 819 681 92 635 970 47
538205 1 443
880830 8 462 568 226 908 360 344 520 672
17165 8 653 919 964 183 301 433 261 620
755035 7 196 695 183 460 897 497 127
319323 8 198 926 433 227 983 664 210 72
665515 3 91 18 701
48633 7 859 185 929 550 532 582 439
606527 6 982 562 398 182 848 935
521281 4 79 222 774 833
23804 5 998 662 828 565 490
381479 7 453 637 528 852 998 285 962
332102 4 194 108 318 615
343872 8 536 764 542 3 711 400 10 163
599919 5 296 819 800 778 872
68479 6 630 404 786 60 737 945
781747 5 824 817 646 906 492
260726 4 138 805 292 663
912397 5 906 293 882 714 326
362891 6 83 743 249 513 359 167
550300 8 298 321 973 728 98 958 129 986
608993 7 155 53 260 111 836 370 402
556404 6 385 8 729 680 443 455
53378 8 50 2 640 291 138 486 844 712
666016 8 636 552 130 787 132 801 236 29
781418 9 373 22 161 337 549 426 715 868 567
191835 6 892 539 655 918 58 953
200975 9 19 469 787 133 851 535 93 675 835
671008 4 50 317 61 41
63443 6 767 735 260 313 894 911
975801 4 937 486 252 497
504479 5 334 898 444 732 73
601647 6 198 123 875 573 719 740
856630 5 585 766 42 282 714
37995 8 853 221 283 288 930 445 801 483
873033 6 39 849 752 488 744 556
692304 6 291 598 983 213 694 674
219862 5 677 379 132 15 261
921665 1 511
298830 7 510 926 18 27 610 682 49
741142 7 84 150 455 433 3 680 890
461821 5 830 860 145 365 146
196660 5 529 955 582 56 927
589596 4 264 113 499 149
322044 4 714 78 839 82
796579 5 965 760 347 255 957
658074 2 825 570
103790 4 667 231 295 776
573656 8 536 327 990 587 500 999 602 199
570471 7 78 702 529 548 246 726 297
983032 5 200 795 429 932 12
640308 7 700 197 359 828 771 662 221
695815 7 501 525 901 154 685 811 518
539435 6 575 969 874 104 644 239
210037 7 923 968 146 613 671 349 781
361830 5 793 193 207 675 773
837204 10 760 252 174 434 933 254 636 147 94 33
918223 6 90 50 623 695 63 190
562804 6 192 947 863 725 357 214
24563 4 719 94 623 481
981666 6 362 694 258 502 845 925
54956 5 716 689 762 634 541
45394 3 319 468 283
99664 6 867 884 470 594 699 956
911586 1 781
83388 7 331 726 601 964 197 223 914
489049 8 975 945 644 760 339 802 236 508
120241 7 41 555 628 634 107 772 79
819601 5 936 406 1000 147 390
410713 2 320 234
419071 7 81 555 244 906 507 679 988
560743 8 674 25 575 291 178 706 33 901
388885 4 714 304 485 200
615730 6 467 909 856 311 421 551
150338 4 591 840 907 418
710928 7 707 790 684 672 307 270 641
928660 3 287 900 100
324763 3 370 848 933
331069 4 278 622 528 384
18668 5 866 674 176 193 512
411585 7 151 712 629 450 888 821 741
314100 6 942 409 703 331 898 207
175327 7 937 515 558 534 983 657 896
107399 5 797 256 81 345 442
369886 6 272 950 144 445 967 611
901715 4 300 779 147 859
985580 8 631 272 548 502 563 560 770 703
207089 3 402 636 901
819937 6 61 583 680 271 573 432
548384 8 521 377 831 928 488 189 597 625
748004 5 938 259 925 338 992
801602 7 501 7 927 528 955 656 353
603339 8 487 320 713 600 98 278 266 211
793397 6 32 751 646 963 416 15
417618 5 512 166 30 894 208
31276 8 850 528 497 368 341 488 255 113
876784 6 86 421 348 494 631 788
906666 2 195 974
151517 7 749 891 760 782 57 69 606
212737 5 549 485 260 601 491
833730 6 985 70 400 843 26 15
86939 4 423 588 866 848
773479 8 299 621 212 679 355 76 705 994
222615 6 285 659 467 625 93 24
219020 5 853 979 290 191 783
440168 5 45 30 558 598 779
449894 8 861 315 972 587 452 513 678 701
664032 7 738 599 981 348 274 389 161
281282 6 628 750 483 761 739 602
780963 7 451 263 614 980 771 937 96
682699 8 172 198 798 72 698 721 918 340
692867 5 762 269 100 840 121
611414 5 198 532 42 270 460
374377 6 132 456 694 187 528 237
316617 8 742 225 394 26 442 720 52 118
981300 7 817 741 472 79 378 16 47
276091 4 202 577 858 839
302197 5 995 55 496 470 232
704740 8 163 136 91 241 312 171 268 601
96027 5 860 179 863 145 385
850580 6 667 21 720 574 44 52
452743 8 872 292 647 525 667 73 251 700
413981 7 268 559 544 284 428 69 185
970270 9 13 42 105 800 704 860 414 277 5
246139 9 112 981 826 746 655 234 964 838 141
831598 7 366 38 747 928 953 335 430
517898 8 743 323 260 410 970 682 523 264
639275 4 792 907 547 253
254615 9 636 832 801 554 217 562 686 254 957
185766 8 569 594 230 3 997 302 401 58
852011 7 494 671 228 438 28 612 226
88344 4 992 786 472 646
272704 4 639 707 654 249
141841 5 933 987 974 276 377
827310 6 675 976 867 329 275 682
8075 8 627 343 632 535 437 971 265 447
98360 7 995 877 295 220 505 234 969
277204 2 76 824
672106 6 886 72 944 721 379 862
379641 5 431 428 109 850 115
574518 9 175 933 401 620 334 862 717 955 788
871156 8 923 311 176 135 204 558 365 105
72507 5 264 996 802 439 2
185931 7 153 851 717 828 686 390 245
245532 7 842 844 812 464 635 791 847
905476 4 218 76 687 100
167230 5 2 559 176 498 423
521622 5 501 406 964 37 930
207672 6 516 127 719 48 542 246
388322 7 835 213 856 165 735 178 308
134001 8 458 159 688 570 977 126 816 263
574603 8 378 878 514 160 596 88 941 296
841064 7 581 126 363 125 566 519 469
547981 7 278 790 640 680 189 951 330
544872 3 156 824 293
87203 6 587 945 43 136 561 191
895930 6 550 123 162 583 981 902
579121 9 38 772 47 244 642 834 395 391 448
242829 6 647 424 19 739 102 227
666896 6 402 46 349 145 470 881
764886 4 319 271 897 947
611191 5 90 958 697 613 626
755239 7 636 660 3 214 936 385 747
37589 7 760 383 973 846 659 64 25
753031 6 842 865 467 611 402 619
98901 5 430 615 339 970 217
45664 5 390 608 956 830 291
851390 3 806 471 872
892456 5 993 488 343 604 393
234121 4 215 132 693 283
747382 6 478 260 37 388 899 684
466973 5 171 80 820 81 800
105277 5 721 436 631 715 24
819889 10 439 647 248 804 455 977 829 424 66 724
169255 9 718 774 345 946 847 38 71 1 638
350808 4 742 652 118 170
725364 6 542 832 592 795 154 42
852837 5 302 111 204 496 847
388782 5 814 234 487 211 505
449387 7 807 858 697 344 770 366 162
241158 9 638 723 900 964 858 646 92 36 688
522782 5 970 268 573 637 844
23989 6 124 737 485 972 766 587
82221 2 535 913
587114 3 560 160 412
568860 5 644 559 190 112 380
685775 3 824 420 632
999395 6 48 276 899 123 17 357
147981 6 128 984 89 119 295 649
928603 7 411 811 822 207 31 348 223
666290 6 333 426 871 705 104 377
429218 4 99 332 725 715
539793 4 652 545 282 173
937880 6 60 499 694 267 948 820
466807 4 537 128 455 649
809175 5 386 477 167 758 845
553132 4 592 232 994 341
28822 5 307 208 57 433 644
176916 7 252 467 659 842 919 90 500
445587 6 612 649 816 28 338 237
262942 5 109 513 615 486 626
924298 7 277 114 97 310 686 463 580
428911 7 77 321 612 883 382 144 973
368218 7 742 316 225 643 921 547 616
260538 6 395 403 903 517 759 683
598166 8 432 623 50 775 908 187 133 639
235378 9 685 794 249 525 69 331 238 893 12
502253 8 919 196 126 836 484 831 301 384
451002 5 866 402 130 620 582
140511 6 633 631 927 513 892 688
951639 5 899 37 650 75 387
208511 7 368 874 377 821 233 999 125
179644 4 775 399 31 54
975627 5 391 722 435 244 92
290731 3 693 562 418
766757 9 637 448 200 770 329 938 763 593 907
60838 7 434 669 632 360 684 58 896
976506 8 494 161 779 992 40 584 193 119
282503 6 358 651 144 982 602 984
725170 3 718 778 817
421460 7 975 202 848 636 929 901 887
948792 4 504 454 294 926
154388 6 77 397 877 593 891 103
477605 9 911 949 124 799 894 183 283 73 419
403023 6 321 267 17 915 858 604
137546 5 454 981 782 21 783
803131 6 353 237 141 89 874 991
956155 7 82 602 71 502 893 941 647
166367 8 429 975 937 219 925 561 1000 163
980047 5 619 582 711 612 393
401741 3 481 399 518
945660 4 167 989 500 879
420696 6 957 635 544 939 96 919
347004 6 117 479 798 118 960 450
830230 7 435 425 517 946 921 427 703
681233 9 353 702 125 528 530 332 231 275 461
461521 4 257 917 629 293
581959 5 179 5 674 280 499
183485 8 13 39 710 669 327 102 870 383
428874 0
722469 6 821 709 387 344 651 605
651475 5 491 305 380 2 725
637384 4 220 42 349 551
902112 4 486 261 164 304
627101 7 519 516 715 399 337 558 39
928114 5 453 352 382 584 462
668868 3 94 72 312
204290 7 430 939 249 9 776 764 691
420971 5 491 969 308 285 210
467722 5 355 453 547 524 299
929460 4 458 122 7 966
358783 6 371 603 708 949 310 438
416513 8 596 698 616 80 256 907 435 880
83847 6 299 634 912 346 571 769
352739 8 137 450 755 545 443 36 120 952
819535 8 478 520 641 771 595 673 364 868
221392 5 566 615 949 150 999
155869 5 354 706 372 386 740
775689 5 155 101 242 705 638
904110 7 710 85 271 668 282 3 581
652267 9 491 350 86 306 84 163 229 1000 301
693782 6 346 806 795 524 450 15
366121 7 157 721 933 850 434 937 677
589314 5 586 565 665 440 984
557137 6 457 678 289 210 574 83
196350 5 995 657 571 620 695
270546 6 420 101 736 492 870 572
18657 7 785 223 953 586 822 103 917
778308 4 132 140 268 557
970382 5 653 980 764 124 331
447530 9 576 589 517 117 522 792 857 900 326
500776 3 538 519 867
138208 4 746 265 57 809
601265 7 967 447 3 864 893 136 70
919239 4 712 47 901 235
765308 6 50 604 697 832 713 865
45730 6 356 216 907 15 840 46
588106 6 831 365 447 733 569 13
485950 3 408 328 4
983053 7 238 215 823 13 904 53 886
55827 3 81 509 533
415409 8 696 781 77 243 523 763 288 139
341835 10 11 21 658 864 856 444 315 300 803 445
988691 6 698 705 376 941 876 988
15607 7 167 928 772 332 812 25 915
210925 9 80 465 681 996 36 67 541 376 988
324578 5 559 281 6 58 264
753350 6 192 530 811 370 583 7
366793 8 63 909 19 438 590 307 389 267
616618 5 542 281 119 809 72
657459 5 230 69 66 347 754
535412 8 938 145 844 792 742 182 147 339
826751 7 198 603 560 447 358 704 404
539931 9 946 59 394 376 778 572 355 47 120
124725 5 36 857 314 786 579
383887 7 75 498 11 131 676 863 277
736281 5 430 562 272 954 393
911623 7 714 284 620 516 315 149 515
918895 5 672 948 998 814 405
30940 3 4 121 730
398356 8 225 756 691 34 666 256 44 742
882776 9 33 396 164 705 107 446 741 143 71
48068 8 518 521 564 546 935 424 124 173
536564 5 983 875 226 176 424
484040 6 443 526 116 475 40 87
967306 7 434 277 419 883 594 451 415
818223 4 357 673 299 97
529770 5 688 642 627 136 704
71764 9 222 403 375 396 833 952 120 524 681
304172 7 447 932 637 784 251 27 55
512822 7 601 481 248 11 497 574 925
643942 8 705 387 78 153 32 1000 391 502
719580 7 40 367 644 363 966 750 570
371008 5 336 315 164 8 182
148985 9 755 255 984 589 42 729 720 134 900
251538 7 523 971 869 754 587 595 406
581932 9 392 808 809 292 612 583 537 640 771
473562 1 678
4887 6 254 146 655 613 90 832
465076 8 570 607 561 377 528 983 557 110
90179 4 97 387 144 633
662345 2 343 585
516839 4 286 70 45 880
916930 9 988 427 882 472 952 689 545 567 507
718628 6 644 111 54 924 469 529
641564 7 306 612 340 245 20 818 215
817168 6 808 491 643 4 204 627
454908 7 99 891 466 826 64 169 294
69538 8 726 301 895 860 574 765 205 259
736063 7 555 309 87 526 79 492 803
2199 4 741 257 273 465
467893 7 81 56 819 681 484 526 621
618838 5 650 790 504 93 828
566618 6 503 479 446 687 906 59
520808 5 871 576 1000 927 898
102878 6 645 337 761 948 961 738
533924 6 312 661 397 901 48 548
339031 3 623 475 375
148999 5 758 759 137 641 903
122039 7 372 452 593 201 862 897 734
159554 7 892 640 106 938 631 678 548
178172 6 540 935 10 250 564 176
282332 8 56 1 733 698 652 774 473 349
395486 7 600 241 826 214 642 324 685
549179 7 566 172 165 534 342 385 60
431316 6 320 885 605 234 558 663
647023 8 231 177 237 26 310 946 952 61
647462 7 728 966 554 119 645 856 992
904877 3 104 69 152
651910 7 383 862 402 649 241 390 468
628889 7 158 408 572 100 695 903 471
511408 5 24 613 608 989 566
830606 7 508 5 979 272 238 771 359
145728 3 65 774 762
944689 6 974 818 586 865 259 319
549233 8 951 146 666 627 172 237 452 783
303643 3 437 288 618
761856 7 845 379 335 726 603 185 953
520492 7 832 373 852 768 878 340 190
373180 9 34 518 289 607 678 194 233 913 636
497918 6 228 369 835 908 202 453
522691 8 745 691 713 722 475 541 758 646
357424 9 93 708 363 949 764 939 969 615 474
116756 6 130 320 278 831 954 681
605660 5 791 106 863 799 918
878232 6 819 803 465 509 118 212
735985 6 494 208 673 865 664 825
139583 5 137 798 507 101 422
733614 6 630 3 723 181 748 597
401335 2 180 815
777973 6 236 221 659 888 671 10
893167 8 128 625 161 342 248 697 68 351
579506 3 293 941 616
60305 4 940 990 439 224
288652 9 386 714 660 682 439 127 43 290 617
645036 6 758 589 346 412 543 376
491620 8 720 501 688 372 444 787 194 861
935675 5 413 96 604 386 294
808849 6 144 397 637 743 930 568
912849 5 635 444 231 725 771
587584 5 412 101 1 689 843
437737 6 625 606 816 268 457 423
424256 4 403 85 391 450
418189 7 614 970 194 263 348 34 599
583464 6 446 1 876 471 786 473
368944 4 715 600 749 728
967422 8 702 255 237 233 153 220 461 377
403458 7 548 184 191 583 895 881 466
130799 6 96 429 805 953 963 377
4265 4 905 608 24 831
776637 4 254 149 19 114
145069 4 46 782 422 907
526955 8 744 581 486 995 224 914 759 794
134061 6 325 277 965 110 169 694
778176 7 767 680 979 155 190 119 830
132615 5 651 458 105 336 39
528644 6 413 927 586 89 548 995
514160 7 107 931 810 946 121 56 168
788549 5 127 483 892 663 651
262257 4 203 427 503 833
915494 7 290 318 155 40 94 665 431
82874 8 131 134 774 118 744 857 517 589
155423 6 6 78 374 1 841 264
11351 4 579 334 396 465
143178 3 444 45 974
444075 7 805 269 345 32 391 584 691
656386 8 228 482 529 478 538 600 191 681
634797 10 115 839 86 685 37 77 167 75 976 241
896101 6 126 972 298 820 670 149
465234 9 129 697 986 950 911 914 384 789 215
63997 6 680 801 600 166 639 696
483684 7 692 41 906 900 990 87 916
902970 9 850 489 957 793 270 138 50 969 790
488252 6 56 471 212 638 116 209
418224 2 177 812
2786 7 726 787 975 410 135 130 461
373547 9 610 283 386 247 796 224 105 793 487
901997 7 110 288 327 696 428 264 109
406243 10 562 326 597 708 871 89 434 228 27 934
504346 7 370 703 461 593 918 297 655
906262 8 956 869 560 356 270 663 150 438
699232 5 849 228 657 110 610
165766 8 808 483 795 883 49 444 942 48
949568 4 405 152 877 922
349644 6 486 294 734 694 398 493
943941 7 167 465 974 113 930 30 707
598534 4 601 520 97 144
878287 4 627 419 271 926
458100 7 292 461 776 699 454 188 793
903435 5 395 407 67 912 988
140543 7 492 435 408 762 890 134 751
889945 7 717 230 818 174 709 829 323
986308 5 406 785 452 262 470
295965 6 746 140 598 904 195 213
901295 8 137 741 476 65 412 716 56 621
129485 7 111 837 756 686 258 780 699
740039 1 23
74032 5 436 545 854 912 806
280633 5 606 686 783 343 970
636139 8 115 534 728 294 8 401 789 7
539265 8 953 693 350 874 969 371 149 184
344630 6 529 875 458 429 298 230
636174 8 387 60 359 547 603 948 950 836
958586 3 175 463 635
349233 7 405 965 538 905 409 496 791
570750 6 190 297 324 457 248 787
477723 6 243 933 775 844 788 914
722780 7 959 543 921 412 456 87 517
472746 6 923 99 789 665 133 430
400318 1 216
743477 4 608 338 318 841
895359 8 57 673 357 829 561 481 364 849
99549 7 271 867 884 205 971 883 447
909242 4 457 920 113 397
844927 6 638 68 394 71 293 921
449192 6 18 560 7 231 510 138
853182 7 247 115 95 925 575 178 54
443460 5 998 775 249 979 525
327478 7 485 527 98 234 552 142 548
827633 7 93 945 568 207 241 260 452
346894 6 190 34 250 868 369 360
468020 7 724 584 138 393 499 650 434
717577 7 366 781 753 693 310 417 519
849553 5 909 487 695 626 382
763984 6 686 677 763 240 523 580
135223 4 461 8 501 688
979037 8 139 830 308 493 917 592 531 756
20375 6 965 78 96 794 665 27
209254 8 563 674 89 181 750 558 955 734
776022 6 725 846 49 993 226 306
172865 10 458 272 467 923 890 344 994 341 730 371
264870 7 303 652 670 493 196 956 460
120651 5 251 910 525 973 784
325391 7 677 154 504 909 398 307 342
223455 6 394 855 894 345 880 514
986235 5 981 11 21 978 516
896140 4 498 640 934 66
701178 4 306 999 914 371
709014 6 439 350 282 407 753 145
368885 8 120 681 473 798 903 244 576 813
101495 5 78 706 220 641 825
452490 7 775 479 201 199 347 675 927
780596 3 61 74 921
717395 9 523 682 513 932 245 112 231 674 30
361731 8 141 303 832 719 104 605 766 342
625522 9 917 569 989 5 277 497 468 22 449
166586 7 250 41 79 209 774 840 101
731264 6 824 222 59 378 101 759
585333 7 510 927 781 746 922 157 641
10415 8 661 482 351 8 885 228 314 238
558896 7 922 800 961 70 277 328 358
448579 8 19 997 668 896 462 757 351 893
478434 6 203 209 745 682 38 395
276472 7 286 113 585 115 374 521 142
298131 8 198 94 270 362 229 304 501 166
758769 7 323 520 153 829 357 451 641
928046 9 876 400 121 691 596 322 61 555 316
793520 8 974 274 113 112 675 711 347 552
295495 8 482 295 886 670 165 676 618 458
137299 8 480 630 980 637 217 622 695 397
569541 5 299 853 715 485 449
468360 4 41 345 946 468
402168 7 943 454 466 339 208 195 327
206543 5 731 115 489 108 477
793750 7 931 503 158 322 273 67 235
141975 8 315 771 128 263 48 995 300 369
192777 6 134 906 903 690 985 857
206241 8 802 330 491 21 341 336 105 73
359504 7 603 352 812 769 474 976 103
418143 6 360 784 537 382 540 717
91477 7 484 613 334 762 87 758 317
460998 5 145 713 411 972 109
386984 5 106 923 757 105 274
872072 6 460 266 168 881 561 825
694744 5 814 794 997 233 826
265067 6 114 563 407 753 983 224
497593 5 753 747 866 707 424
861329 5 245 340 785 305 512
996330 4 875 516 862 304
599278 5 875 82 631 739 478
871743 4 193 696 152 132
555226 6 159 963 540 487 562 701
564208 5 123 119 88 508 147
866528 6 710 590 542 708 405 609
348049 6 59 806 497 442 861 108
862338 6 935 835 189 263 262 27
625296 6 401 633 942 920 752 690
276095 4 942 358 753 380
172209 7 782 891 640 550 613 838 807
920791 5 196 114 947 272 512
929745 6 217 20 695 144 982 440
741749 6 448 863 508 593 397 132
905502 7 221 379 60 178 610 213 625
848265 7 639 744 169 276 28 623 197
464643 3 437 909 640
215603 8 404 782 615 606 998 683 179 140
990239 6 501 248 862 482 406 459
173772 5 65 244 212 698 988
421843 9 552 713 182 230 8 890 536 295 164
866094 8 621 427 142 450 473 505 548 698
591914 8 181 105 749 634 268 625 516 276
29671 8 959 900 4 677 854 92 346 873
327091 5 927 312 947 358 217
495249 6 808 194 899 485 549 348
901743 9 940 606 975 285 908 577 270 580 343
538186 2 475 287
760315 8 141 607 292 518 449 322 351 820
915687 5 522 465 52 882 203
399514 6 993 943 668 648 930 706
756645 6 389 547 503 959 442 638
514964 6 553 80 872 916 802 755
787608 4 356 604 582 311
828222 6 255 535 566 335 178 202
595523 7 146 492 605 199 641 672 407
654135 7 559 423 63 909 552 662 898
176270 6 513 417 923 321 303 551
457861 7 679 484 394 252 681 425 56
795782 3 577 570 205
968716 5 974 263 950 40 193
146421 4 34 248 663 148
232924 4 918 528 377 191
414813 7 228 778 223 53 908 376 561
888170 7 265 449 434 12 864 129 896
654777 7 443 833 400 425 332 453 244
263077 7 399 622 891 213 767 690 717
869164 7 567 926 217 274 836 658 771
870379 7 504 914 665 393 968 560 760
769667 3 573 803 382
42935 5 401 942 380 665 893
808573 7 66 21 639 371 48 155 962
635760 6 754 222 416 29 855 165
151200 6 234 680 503 653 879 417
354596 8 214 108 439 516 186 859 160 175
479202 8 386 724 314 333 167 767 642 527
646449 9 718 576 116 786 203 833 92 51 821
256338 7 651 731 573 282 285 706 962
17387 4 361 716 316 938
923115 7 201 174 918 84 626 905 290
172024 7 456 65 256 518 733 262 741
933252 7 252 314 910 955 404 872 280
679759 7 758 772 503 762 355 59 806
203340 2 322 510
720859 4 315 603 924 715
24332 8 383 60 333 521 200 34 764 611
798862 7 870 191 470 499 954 557 207
891345 2 825 887
200602 7 527 162 971 581 48 489 930
773074 5 456 951 777 164 878
687126 5 817 903 916 612 441
685669 2 717 645
919495 5 789 868 767 173 739
436402 3 419 720 484
100481 6 886 130 566 610 481 99
324016 3 767 291 171
91178 6 52 817 959 872 819 408
363557 4 95 157 937 324
709531 5 110 930 477 249 106
477909 8 250 123 732 300 661 838 949 789
649575 3 910 174 399
268818 8 472 916 222 720 443 576 985 257
802833 6 433 345 442 317 256 797
285334 4 268 161 976 520
420017 6 543 108 177 534 17 675
157428 6 634 873 774 503 843 76
280887 4 266 414 630 575
582817 5 26 267 304 928 658
413765 6 895 824 981 125 510 944
298273 5 89 527 240 867 682
22284 5 250 911 859 454 610
102141 5 120 572 134 235 857
747876 2 177 668
702042 9 757 657 793 970 669 604 962 658 620
821832 9 770 712 920 457 975 95 432 776 986
468734 4 396 456 941 692
242726 5 111 442 896 577 608
137045 6 654 968 753 37 633 769
360078 9 337 480 959 517 813 652 722 52 503
443327 5 629 346 534 117 480
426471 10 240 208 128 988 869 187 708 305 991 198
563556 6 828 477 986 250 963 856
128995 6 203 572 253 495 652 722
345965 5 606 357 423 77 934
999957 8 725 504 411 96 389 155 63 90
745828 3 470 112 850
186332 5 324 175 626 102 128
607486 6 735 171 732 536 715 706
109384 5 999 500 68 17 878
412214 5 757 650 839 395 976
601746 9 357 54 228 837 976 55 791 321 754
275311 9 458 521 856 193 397 647 251 707 494
681031 4 426 209 722 299
404579 5 801 197 951 902 905
76996 9 71 118 484 495 151 745 316 543 628
101048 6 354 599 623 37 588 347
562006 5 570 389 86 754 189
357883 4 729 959 855 65
200216 8 804 361 819 872 703 435 817 156
492123 6 937 247 359 28 129 227
172507 2 24 577
222499 10 630 127 799 129 206 968 196 604 423 992
110615 5 533 240 367 670 677
920383 5 998 497 580 246 367
440893 4 614 909 451 651
932446 5 574 808 409 659 925
905468 7 87 857 436 716 273 157 526
683618 6 518 166 587 21 557 169
585842 4 238 72 282 588
265546 5 732 590 581 551 739
643296 6 217 554 842 295 93 474
12312 8 770 828 506 286 871 586 2 82
345453 4 269 412 433 907
288642 6 554 570 753 558 126 197
874628 7 656 534 609 907 837 348 49
861761 5 403 192 564 107 318
34469 6 558 105 836 102 84 870
60959 4 1 225 742 52
469246 6 375 252 849 39 509 621
660205 3 365 506 781
473173 9 632 841 961 313 867 265 156 853 35
587344 7 552 176 901 905 166 270 773
935515 4 692 649 284 208
154203 6 507 990 23 424 709 471
991922 6 778 819 817 81 941 315
12510 5 113 159 948 530 547
771602 7 403 81 579 722 666 309 873
70279 8 99 49 670 851 818 873 321 825
886744 6 468 980 458 785 564 685
488170 5 103 431 458 969 414
78753 3 946 996 539
575603 7 832 27 429 194 331 972 898
227020 6 286 991 556 426 650 39
189367 5 71 137 621 76 758
495985 5 124 656 320 908 440
667912 2 511 62
638164 3 341 292 523
401452 8 730 736 158 131 361 257 804 778
867881 7 874 467 573 496 807 842 64
224006 9 804 473 778 507 26 54 142 156 736
183349 5 948 313 688 335 550
511176 6 353 222 716 899 997 382
236317 8 331 18 68 409 937 970 898 848
528801 2 828 421
799818 9 296 748 629 106 827 328 960 158 279
110945 6 188 807 508 622 727 655
906913 5 49 266 469 485 656
350638 1 824
688255 8 152 50 791 823 285 474 761 193
892511 6 573 100 637 84 315 593
10842 6 35 308 183 939 608 536
677779 9 96 919 349 53 419 531 231 505 124
479854 7 811 417 626 318 270 460 500
462708 8 541 716 151 117 705 450 2 137
348334 2 59 299
988127 6 169 850 291 667 879 502
991570 6 163 707 18 796 349 584
636287 5 891 577 770 77 794
58405 3 266 670 739
394665 6 549 769 899 186 258 58
124456 7 253 33 418 216 907 628 121
137158 6 592 37 75 800 976 544
970267 6 986 340 306 790 286 818
351476 6 242 745 38 52 522 74
842876 7 980 323 18 433 588 286 165
466251 5 94 963 202 499 337
535739 4 305 611 52 993
997392 7 50 964 870 316 286 319 905
384055 6 243 219 124 150 362 822
403620 5 798 563 593 8 177
221397 8 765 835 554 281 57 114 237 404
567403 6 64 807 99 19 169 285
431147 2 153 500
974065 7 800 246 866 176 21 869 642
612556 3 683 579 26
747316 5 616 712 42 4 777
601361 8 215 424 761 771 291 119 489 40
519468 8 751 991 959 786 412 543 648 436
97954 5 258 366 321 322 920
805968 5 750 714 149 994 227
928330 6 261 978 183 470 84 265
625147 6 248 666 964 518 64 34
483746 9 972 660 491 936 282 678 280 481 72
408183 7 200 506 261 437 885 932 673
87855 6 424 24 967 961 415 704
832079 4 417 306 496 508
396309 7 30 68 350 221 853 658 243
595776 8 800 276 594 205 982 884 413 749
468366 5 602 397 93 167 732
971066 8 878 562 853 880 63 990 760 457
990440 7 408 380 966 887 847 796 726
109173 4 476 791 332 560
624575 9 736 309 263 692 32 778 721 888 156
960707 7 878 807 745 683 64 806 32
977000 8 975 879 195 353 119 818 582 368
467450 6 174 583 877 660 445 661
943309 6 638 71 76 916 425 526
512739 4 875 278 565 364
981193 6 768 500 869 729 293 873
327363 5 835 39 373 713 874
916358 6 869 616 881 464 394 954
718941 7 880 301 529 90 955 655 114
411118 5 689 160 465 92 36
863856 5 564 344 447 70 594
693006 5 867 934 594 205 929
23673 3 631 487 863
611172 5 734 640 421 49 280
810718 6 42 727 870 138 11 362
59492 6 100 944 222 512 872 139
709125 2 900 137
616685 4 680 572 612 182
987822 7 670 364 99 469 837 706 240
850623 4 540 351 482 168
100431 6 710 348 415 13 633 369
912356 7 365 40 616 236 22 993 171
454829 5 947 141 748 529 470
448861 8 633 961 756 704 126 358 224 951
308665 4 146 481 302 10
50604 7 811 696 66 173 223 476 822
433578 10 352 37 839 991 312 821 86 329 685 75
279730 8 218 889 54 553 456 322 683 412
41044 8 416 213 801 229 927 194 478 362
59103 3 773 96 298
904304 9 16 730 648 621 492 480 346 29 47
518102 2 421 575
36102 6 586 847 531 801 773 719
888105 9 212 553 648 158 44 160 475 916 952
461410 9 840 792 269 357 394 216 418 533 794
548840 7 144 347 703 814 686 502 910
869298 9 430 215 615 605 696 25 676 784 910
305125 5 908 721 909 740 614
981549 5 98 551 365 171 750
588238 5 38 100 395 579 571
232594 5 932 501 141 325 58
845405 7 588 207 534 708 619 551 999
797595 5 366 426 7 138 91
256266 7 876 692 996 906 741 553 730
456576 6 409 35 608 378 989 627
124665 7 125 561 168 506 252 702 719
832109 8 21 831 1000 349 145 924 340 374
682052 6 89 595 858 668 942 754
741349 8 376 345 596 29 589 14 36 624
336282 4 632 565 630 940
49026 7 196 697 612 128 590 654 283
358131 4 724 466 919 958
248638 7 785 979 598 232 202 452 370
503855 6 181 363 569 147 7 707
806992 9 901 538 233 684 623 184 476 351 630
73654 7 954 267 231 105 747 948 426
554458 3 884 149 362
756921 8 690 738 289 992 728 567 176 520
869735 4 14 646 61 539
111853 5 451 863 913 192 625
816023 7 60 198 588 282 219 275 404
774038 5 618 884 560 763 128
629954 6 444 483 974 150 667 943
852125 6 978 862 304 210 72 987
178494 9 779 172 251 224 370 404 969 737 822
607716 6 357 433 718 482 232 126
917316 5 830 374 504 389 63
564143 3 686 922 515
429192 7 804 369 514 425 293 15 755
898865 9 25 668 669 564 223 920 964 85 710
668733 3 935 644 690
661785 4 123 748 280 888
260621 6 208 977 601 157 81 297
982679 8 435 316 539 810 488 38 376 643
434402 6 895 684 958 302 671 200
717196 8 82 584 477 805 820 440 928 335
107343 9 504 739 139 129 398 63 393 365 140
782862 4 551 584 700 226
915599 6 295 896 773 729 17 497
848692 6 465 76 488 396 906 450
119144 8 530 168 108 582 409 499 267 90
964624 6 928 726 880 505 129 438
723174 8 881 184 997 233 282 721 6 610
884133 6 613 86 70 205 308 562
468478 4 270 187 374 554
530165 6 973 303 947 162 924 93
474138 7 691 758 857 683 777 736 589
539288 2 824 375
803438 5 896 800 632 864 477
651140 4 717 153 711 753
619460 6 761 530 235 663 845 15
634261 9 60 145 289 861 207 847 322 942 266
797446 4 609 187 586 535
471584 5 870 454 103 392 489
812754 4 226 415 91 864
921513 6 196 781 708 757 139 99
388900 9 937 554 195 390 6 582 504 278 809
893249 9 268 580 132 323 525 307 822 142 753
867056 7 728 5 457 989 277 594 133
804116 8 46 811 324 550 653 248 72 862
561981 6 987 162 305 614 344 958
528840 8 239 639 567 275 496 546 700 935
64736 8 370 69 362 557 874 754 686 208
544659 7 841 276 743 650 549 770 769
479593 3 292 945 315
298283 5 17 860 936 12 617
168354 7 925 24 91 536 494 599 246
262454 5 641 411 844 251 808
730233 8 748 266 367 617 135 298 33 249
533397 4 867 360 150 672
897949 7 657 178 461 991 147 224 445
694856 5 456 360 330 96 405
256570 5 15 741 648 242 16
298433 6 25 551 754 162 842 761
679686 5 973 936 110 113 275
303087 7 425 465 679 427 760 212 571
772570 8 971 111 917 627 373 493 78 24
218973 6 51 190 803 515 553 869
106524 8 37 857 899 983 368 812 760 992
116441 7 273 930 489 232 991 359 781
386464 5 894 310 611 846 690
725983 5 338 612 244 859 33
750701 6 534 278 407 259 647 538
700261 4 284 810 427 916
713919 6 633 271 103 656 821 955
79807 6 677 153 599 152 440 783
138125 7 914 398 619 768 190 43 353
619170 7 84 210 919 370 476 402 453
