2000 10000
809 140
325 198
175 694
467 651
660 113
863 941
773 511
730 375
166 363
468 156
347 501
242 325
186 515
223 442
237 437
756 336
474 485
927 325
805 256
446 411
935 781
101 687
648 529
522 194
590 558
587 288
865 7
64 1
297 960
781 117
339 697
486 325
487 640
738 377
186 357
421 218
390 668
934 503
766 805
198 768
135 485
395 842
577 325
77 105
970 672
629 336
714 878
165 309
157 686
465 596
969 845
484 641
715 336
201 644
786 116
745 254
453 469
827 725
240 244
650 69
488 195
979 264
703 793
304 348
449 802
878 767
754 692
42 151
261 533
342 8
504 322
572 902
833 77
754 350
423 477
904 838
834 527
688 489
414 55
238 868
256 968
190 273
809 13
443 938
104 314
660 749
717 65
166 697
7 653
690 750
632 56
255 383
900 742
556 230
619 306
924 822
885 17
435 550
781 513
462 119
380 306
318 864
117 472
290 301
382 284
756 674
895 3
494 395
758 713
270 695
696 25
333 914
561 405
45 551
278 818
640 815
95 72
963 942
673 856
478 709
245 243
654 304
188 234
932 350
964 335
419 542
83 194
899 101
415 300
11 442
423 724
798 808
990 315
843 884
380 27
973 525
6 691
375 629
796 709
618 646
510 762
429 897
930 842
876 143
597 744
691 66
639 522
443 172
732 309
37 814
631 253
228 286
683 893
228 278
380 34
380 233
631 142
265 19
706 168
696 295
853 355
582 409
562 64
636 983
91 465
868 187
398 23
760 803
562 973
822 271
18 501
142 971
65 429
993 943
680 891
911 424
523 109
658 104
213 242
322 998
307 865
923 554
349 194
155 816
449 970
178 120
610 377
405 851
349 726
558 255
614 64
389 930
116 577
580 941
451 615
66 742
457 693
266 19
112 640
455 528
686 985
845 257
994 23
929 323
496 240
116 587
623 841
478 89
415 197
593 767
796 976
985 964
230 585
274 561
751 833
316 176
236 350
536 381
191 249
907 910
200 935
309 790
537 126
143 201
575 0
857 585
129 807
395 253
802 977
637 567
272 680
869 151
964 7
12 88
771 660
59 668
123 934
191 303
819 766
896 829
318 890
792 638
94 724
338 286
685 175
902 615
621 311
81 708
398 592
639 957
292 83
91 189
280 164
727 165
901 567
26 665
711 999
416 758
425 526
504 358
214 378
935 674
276 203
932 495
957 731
123 884
523 568
754 369
890 91
890 361
303 230
391 973
503 328
745 793
326 531
866 556
475 335
811 334
259 414
835 733
492 768
869 252
210 734
401 997
448 302
492 813
596 968
119 385
746 855
435 60
202 473
564 146
526 104
33 463
533 54
219 15
246 853
63 304
231 133
184 118
256 497
117 667
626 365
315 131
565 852
359 531
843 19
506 12
259 628
287 22
952 502
803 143
609 770
312 536
819 782
508 762
512 519
844 222
830 854
600 909
238 286
86 315
374 35
81 586
596 409
714 924
224 674
252 556
765 894
365 665
940 746
225 63
71 641
730 835
430 197
348 505
543 801
585 205
803 915
210 552
983 424
224 610
302 830
580 466
988 46
386 696
344 576
204 511
915 807
64 555
461 58
864 508
714 520
602 983
586 277
239 635
786 314
270 683
323 989
925 88
916 711
172 720
184 58
891 669
442 738
381 87
575 933
826 817
941 374
701 855
999 597
720 652
999 657
106 487
197 674
113 357
10 930
291 324
933 914
480 447
36 355
812 280
152 854
395 189
211 623
562 271
788 619
821 703
11 252
989 65
150 213
144 983
450 275
764 105
135 616
815 687
687 932
911 832
427 924
862 2
1000 707
604 63
767 470
572 377
295 781
711 116
291 397
824 928
64 380
688 690
431 320
858 950
724 621
464 785
486 662
990 762
68 143
584 815
195 602
802 510
75 661
348 742
640 549
329 627
177 97
769 671
713 305
714 37
149 451
116 598
742 121
460 397
142 348
970 920
132 985
167 461
145 753
174 200
612 492
572 97
258 101
749 385
852 314
830 218
0 712
283 32
99 415
155 652
997 902
964 402
970 917
473 437
631 542
218 515
0 996
515 245
208 175
823 654
546 635
395 724
391 111
322 950
932 685
890 913
887 825
474 814
645 93
844 765
952 25
872 854
345 591
467 287
503 633
130 149
712 270
866 907
360 208
157 623
144 454
326 610
107 733
291 457
273 446
197 632
994 592
538 988
257 697
163 682
249 553
451 944
306 588
815 188
419 577
390 115
990 58
931 6
280 18
90 8
166 370
587 869
915 794
659 318
273 155
6 864
434 951
622 464
891 359
604 664
775 444
168 584
360 599
869 430
518 177
72 706
823 942
285 414
398 267
325 906
174 153
496 846
291 527
310 935
980 233
394 283
930 641
813 957
730 133
313 772
149 826
831 912
221 850
723 184
554 295
837 367
818 377
989 835
172 24
669 226
747 309
623 493
993 752
750 106
621 583
498 703
391 438
599 347
297 116
955 110
568 16
588 214
833 439
795 974
36 351
682 276
399 664
701 753
158 882
637 998
296 331
349 648
623 495
643 303
305 585
137 332
907 739
66 543
491 493
92 530
699 997
798 59
13 21
929 329
832 658
249 672
26 332
760 650
234 13
11 574
965 118
446 608
357 809
606 981
471 384
289 918
584 466
392 820
174 863
998 854
945 964
635 947
752 752
247 189
419 434
863 800
3 76
982 902
55 808
262 178
260 865
561 422
541 165
952 369
232 859
632 575
28 287
348 464
938 663
972 958
737 213
15 937
809 725
817 733
126 542
234 142
312 784
731 127
707 316
111 980
766 620
265 399
425 413
830 36
183 645
499 290
778 977
338 318
585 365
566 789
482 321
212 775
818 827
990 220
427 2
89 796
264 484
500 22
915 560
899 669
556 915
423 116
715 330
559 398
672 636
646 337
344 638
240 888
518 310
933 180
632 24
873 190
558 749
489 97
171 729
560 147
170 735
943 841
834 354
717 849
492 161
968 287
55 703
718 2
766 218
231 443
609 988
943 43
408 370
683 128
360 860
961 592
65 789
897 882
26 564
392 215
324 310
982 619
943 488
101 783
239 747
727 510
847 312
108 627
33 824
796 175
412 908
860 273
690 195
777 96
867 530
799 235
888 209
545 862
862 502
421 706
167 23
603 573
102 998
276 533
560 347
647 159
910 988
226 929
94 36
50 841
808 460
350 35
101 793
525 197
350 983
790 127
798 237
480 706
568 910
559 860
52 901
93 148
700 839
23 437
372 449
187 712
945 388
303 149
160 856
470 676
636 204
382 166
75 297
254 557
128 991
802 259
809 778
963 220
135 175
942 480
995 208
405 96
479 20
806 833
483 552
71 396
172 320
820 473
943 601
785 743
168 359
851 257
433 999
647 495
464 63
126 227
636 93
887 664
51 560
404 758
595 473
467 884
107 550
73 594
653 719
217 182
701 325
493 243
382 869
422 18
715 99
596 647
728 692
645 850
563 409
530 153
493 707
893 751
195 318
484 220
12 206
346 565
767 469
530 716
889 184
866 174
741 989
740 432
255 737
903 930
601 302
558 195
447 777
378 806
13 668
54 166
666 528
4 470
411 651
312 798
490 634
294 30
886 788
549 219
576 687
848 67
771 341
632 836
184 710
926 981
801 969
808 508
341 624
961 981
493 635
156 106
351 99
175 364
540 311
374 373
285 991
242 587
470 260
685 213
419 896
120 141
535 751
122 825
979 252
140 173
609 382
17 436
453 377
60 346
7 741
695 105
852 590
522 257
687 261
247 694
630 857
594 44
782 454
55 135
528 365
136 176
388 184
868 962
125 152
649 824
97 144
49 637
37 636
161 382
206 657
843 737
598 879
869 382
493 608
630 195
508 510
275 183
718 779
619 651
908 807
400 877
530 303
273 663
222 178
14 79
475 414
340 180
413 134
152 928
262 785
716 144
286 30
695 57
27 266
11 350
536 990
484 934
559 341
736 907
798 68
479 272
904 632
888 799
234 52
358 402
37 703
161 978
122 292
160 908
894 799
966 596
96 26
561 886
349 553
546 792
11 264
418 678
381 122
611 52
233 228
192 462
383 619
441 363
467 521
250 997
185 515
834 509
131 310
218 781
716 872
129 585
941 698
639 543
384 471
29 16
966 856
664 654
287 262
978 410
690 971
705 508
748 60
702 721
799 682
38 296
939 745
187 483
460 866
341 246
425 866
341 325
780 988
879 375
344 65
28 907
937 985
117 974
61 293
892 301
353 184
993 53
774 665
943 908
958 977
854 37
815 194
901 41
512 352
615 159
610 582
699 118
242 453
523 25
408 384
410 707
776 541
611 731
53 978
301 83
352 941
555 152
712 419
183 668
219 432
516 957
417 904
121 104
536 703
596 210
821 381
34 423
403 542
256 756
968 974
850 945
205 864
5 410
602 146
91 335
39 522
202 231
143 567
716 140
700 743
199 437
644 61
14 711
971 837
268 719
642 815
274 145
845 764
943 760
221 277
13 987
580 286
152 32
265 904
159 747
685 800
744 86
892 879
96 988
946 525
122 906
874 402
634 397
668 817
714 946
368 674
359 368
613 299
457 651
102 740
846 628
707 596
310 419
154 608
474 153
811 239
336 898
921 349
574 299
246 428
610 206
673 643
512 294
463 694
255 412
735 271
828 442
306 241
654 16
601 969
363 165
765 174
119 785
198 988
127 364
147 58
607 236
808 708
325 535
115 339
533 33
325 431
233 117
70 151
914 324
6 813
741 974
855 380
743 796
741 966
258 981
956 201
696 935
94 669
312 793
842 323
183 816
281 429
359 428
964 258
507 696
30 632
49 518
920 943
329 844
916 617
255 200
761 707
986 234
125 234
867 71
98 645
864 415
629 72
632 354
366 93
625 364
176 487
624 199
319 171
240 818
254 117
878 301
518 183
795 376
693 660
322 106
421 269
468 909
376 231
126 818
186 993
792 867
748 64
420 533
525 689
470 653
188 866
251 914
657 701
633 215
423 324
367 424
599 949
128 455
613 618
698 757
764 618
365 453
929 980
546 943
963 298
716 639
511 577
640 22
874 262
256 970
903 324
358 969
372 790
802 264
573 369
330 19
610 590
957 470
121 588
783 297
431 210
73 556
975 908
884 250
876 342
300 813
508 296
143 673
197 125
674 905
679 777
339 773
408 554
457 342
126 172
840 920
264 59
723 79
17 864
990 319
695 984
357 119
623 296
595 379
752 483
109 624
303 879
79 652
542 841
724 800
434 358
333 203
668 272
270 209
279 795
99 631
741 274
310 965
29 255
91 873
503 320
647 671
612 383
251 567
533 465
408 563
16 175
642 685
380 598
103 661
304 490
62 852
228 613
142 262
208 104
417 990
807 549
299 894
232 643
305 361
495 586
286 217
528 930
753 275
190 351
451 544
68 388
237 424
411 704
162 731
351 645
534 851
793 420
30 961
359 397
601 42
463 935
851 936
675 783
454 228
352 961
552 172
814 968
319 287
696 31
510 0
969 14
488 241
924 787
213 812
251 213
822 752
629 242
997 366
181 892
906 921
963 684
313 729
758 172
75 183
204 295
528 530
960 447
695 208
261 371
957 641
927 129
249 179
152 942
142 832
858 484
8 156
736 370
46 662
19 690
875 373
914 152
977 36
649 694
456 994
135 105
372 422
677 542
750 238
582 955
990 21
486 464
943 891
5 989
925 20
53 153
702 13
142 8
963 577
783 787
428 681
15 413
358 684
625 851
528 638
417 118
965 780
355 713
815 801
517 477
909 169
157 998
340 699
978 677
736 303
287 497
811 633
765 595
300 81
6 378
832 577
390 825
854 393
522 661
407 765
433 626
52 973
932 311
634 601
137 142
770 772
389 858
686 342
617 362
174 430
799 357
8 531
208 430
387 981
194 228
144 629
358 1
190 42
383 934
294 932
686 648
230 390
903 906
241 963
129 353
797 659
858 366
377 707
221 518
197 80
553 991
359 670
884 385
169 701
307 136
255 506
949 0
708 796
408 281
621 167
82 535
369 333
915 431
868 454
924 108
41 410
87 800
796 318
577 796
735 920
963 352
190 51
441 791
88 818
314 878
245 793
765 857
54 2
837 47
340 372
900 327
216 573
212 277
109 172
685 567
624 807
76 971
110 823
792 914
938 998
350 303
401 402
666 184
213 722
617 549
878 585
870 137
577 714
857 199
500 311
250 124
288 106
503 948
73 214
223 13
423 32
973 312
329 76
40 184
624 79
229 558
914 633
63 708
957 239
669 522
231 64
943 223
288 995
821 120
722 216
477 223
520 36
553 900
7 955
49 685
286 423
911 849
461 505
767 462
619 749
378 857
404 212
167 850
301 812
224 919
653 843
555 785
581 590
146 376
195 226
461 854
553 855
273 258
436 772
462 213
533 657
312 952
903 558
528 429
534 220
209 341
780 971
915 30
297 561
309 57
796 567
960 762
910 884
679 92
702 320
476 493
852 809
234 623
381 317
663 833
104 94
974 482
686 830
68 43
500 104
634 729
503 266
948 183
7 792
16 918
664 752
616 455
430 223
933 367
836 57
442 669
61 573
519 909
267 940
200 514
210 793
125 86
612 368
30 476
573 392
246 423
674 808
533 776
885 180
150 431
433 46
82 480
194 19
289 412
689 316
523 700
196 905
999 405
683 79
72 618
412 238
707 579
504 50
758 2
882 532
517 6
614 161
544 23
447 269
917 478
172 826
358 470
821 260
981 353
332 564
176 712
755 912
846 658
912 593
618 663
780 963
397 826
934 911
712 277
398 32
603 246
961 512
660 947
787 892
850 102
617 207
599 162
516 138
802 18
967 615
20 75
897 213
584 169
416 237
474 975
746 812
713 403
956 642
637 244
484 937
755 941
156 649
866 564
960 840
429 664
625 531
453 787
252 956
888 828
78 426
799 212
831 622
262 375
361 576
747 86
112 412
319 121
520 124
18 921
182 161
10 766
719 792
36 892
202 80
184 387
528 923
904 794
577 681
510 50
693 67
823 65
91 621
268 555
502 685
442 568
129 962
858 678
721 351
124 335
985 369
108 797
575 756
783 551
670 377
499 539
315 732
701 843
369 164
779 76
25 646
990 421
103 583
363 323
977 611
207 268
775 923
163 603
207 548
325 867
495 639
402 458
114 458
957 521
825 208
243 622
337 861
271 75
970 72
677 346
265 526
60 646
417 15
615 535
215 254
280 535
662 207
768 242
472 994
792 613
174 876
487 519
392 852
52 835
3 548
631 523
401 369
883 628
621 64
837 80
10 975
410 739
68 427
471 654
87 204
384 631
407 149
277 308
980 616
618 843
504 998
369 751
360 751
786 81
215 282
321 230
224 230
19 377
675 284
277 602
310 455
831 396
2 210
763 159
790 350
661 125
955 882
692 420
255 146
755 469
727 473
265 803
74 364
524 510
124 259
883 658
76 411
795 185
770 457
182 819
831 4
0 903
58 927
42 730
511 632
74 645
644 513
192 772
873 512
889 675
509 342
300 525
843 21
619 203
420 242
892 270
199 911
844 89
724 555
635 3
100 42
540 278
70 77
434 696
103 58
652 660
774 397
266 1
433 218
987 167
149 602
822 728
219 268
384 640
610 978
469 592
229 374
255 103
290 219
786 667
127 452
752 330
723 402
767 993
815 662
626 119
563 162
268 789
320 65
766 939
355 775
253 826
706 445
908 167
304 460
177 55
913 963
521 803
217 869
526 738
865 452
526 347
755 317
529 511
859 799
152 707
647 947
346 209
257 674
132 312
231 685
464 440
153 316
199 310
963 613
414 12
256 649
613 357
271 113
660 537
322 166
182 182
444 286
285 788
551 905
795 730
468 911
540 677
735 852
530 214
737 163
771 780
411 855
906 703
302 203
903 739
853 170
34 421
791 524
899 688
414 867
40 449
58 32
332 471
383 187
464 700
121 311
784 445
168 884
973 389
209 770
513 20
973 157
340 806
471 399
390 996
975 166
406 855
51 919
135 210
753 352
507 251
874 934
923 203
954 529
710 268
257 454
660 944
290 334
202 675
993 740
939 411
830 652
37 513
492 389
254 63
823 508
698 103
714 961
454 777
229 601
246 36
799 571
884 645
70 99
252 822
740 740
537 567
554 892
570 273
978 111
558 815
860 203
625 196
0 443
427 246
543 983
450 515
294 366
608 852
887 537
570 98
22 808
897 251
37 106
880 295
690 90
974 687
730 621
821 620
116 332
263 177
322 206
675 105
728 155
164 121
525 717
264 538
555 600
814 525
396 333
819 29
483 510
356 445
453 98
405 794
249 410
441 273
356 215
483 988
95 22
764 520
952 169
387 880
430 818
47 683
941 780
711 189
897 384
775 156
238 263
452 965
892 763
806 91
261 46
847 793
639 899
386 242
564 388
723 563
758 798
471 452
515 310
356 958
865 383
711 458
987 65
695 611
979 945
934 507
37 818
671 367
176 72
586 552
855 56
501 749
976 23
373 780
255 611
862 779
85 107
940 377
181 4
634 825
464 108
268 354
742 507
834 208
461 655
495 679
421 992
749 401
591 111
852 974
910 951
109 869
364 521
837 314
342 975
112 13
518 942
738 478
192 291
188 495
543 980
569 793
275 601
696 238
582 752
329 517
781 925
28 532
564 49
777 736
915 716
379 603
364 520
595 107
681 822
525 573
815 212
215 251
716 588
129 200
293 853
823 325
148 104
162 605
399 608
600 279
583 118
473 271
208 978
270 160
645 743
224 78
879 761
852 546
690 969
587 916
447 306
753 198
173 54
334 376
389 159
418 320
260 77
773 635
425 447
49 513
620 997
899 423
643 203
388 799
981 97
799 807
29 769
984 82
349 825
759 297
18 537
415 774
459 230
106 984
981 409
771 653
55 115
123 939
732 600
730 822
683 454
690 72
800 64
325 643
386 90
105 76
19 667
580 462
97 854
604 620
891 111
195 987
261 455
148 170
737 925
580 477
934 180
527 463
33 686
849 793
437 925
908 942
487 816
941 746
968 367
876 290
994 354
892 957
347 261
998 940
708 634
