827 1000
243 610
504 248
54 575
27 452
592 460
796 22
360 562
153 35
504 472
352 27
527 679
259 343
504 471
153 488
504 111
121 737
504 765
86 415
199 772
211 777
504 465
752 684
153 175
153 789
153 594
580 36
153 49
153 166
237 170
557 36
775 550
402 550
504 508
153 608
504 225
504 393
254 528
504 73
398 510
504 8
241 651
153 565
504 434
490 464
504 586
518 580
153 529
128 561
402 550
205 188
3 150
153 340
679 190
83 36
153 759
321 291
20 591
689 222
550 823
504 469
504 262
504 762
504 5
153 430
504 551
92 631
504 484
703 597
153 809
504 606
504 740
61 602
186 228
153 389
550 199
504 539
123 417
92 518
153 114
447 387
568 654
180 583
153 556
504 367
528 100
504 731
504 310
504 477
280 294
153 129
153 758
170 803
671 580
153 782
387 214
510 621
509 168
153 47
185 109
532 33
263 205
504 165
153 183
224 300
200 775
504 26
86 580
153 660
815 202
153 385
153 543
153 763
710 396
153 51
504 373
370 36
504 328
220 620
153 454
438 101
153 497
504 603
504 645
153 283
504 350
504 12
504 694
504 623
153 459
19 258
153 805
153 581
153 555
153 474
504 70
504 771
504 318
153 160
504 727
30 77
591 11
230 92
504 251
794 625
464 263
222 557
528 559
504 39
504 358
153 630
803 799
642 598
504 546
153 34
794 485
326 822
154 77
15 548
504 655
153 572
504 106
153 115
168 88
504 265
550 222
330 736
36 689
153 712
153 718
504 786
256 406
583 625
153 255
153 500
169 298
504 6
370 760
83 250
2 483
504 349
205 382
402 485
621 44
427 40
504 542
199 602
504 811
83 337
153 145
11 239
263 205
504 644
504 824
153 9
153 215
504 489
153 487
504 659
153 311
153 89
153 605
72 668
738 523
504 344
88 2
198 719
153 443
153 364
316 163
719 395
61 386
504 288
222 83
133 422
153 647
153 68
504 156
147 322
258 798
77 559
153 622
149 796
504 231
408 67
504 692
153 235
504 245
263 799
153 588
31 441
504 189
559 566
504 567
504 446
153 800
504 649
504 392
504 339
504 130
728 745
611 15
150 794
504 138
228 132
504 82
153 819
153 505
490 490
153 701
504 50
153 157
86 386
65 303
153 432
429 100
153 194
504 672
504 38
460 614
504 627
504 491
559 199
504 411
504 363
153 766
504 517
83 36
154 67
504 596
153 723
504 260
806 279
746 244
153 204
153 825
153 563
504 332
552 492
504 525
170 170
153 609
275 568
100 86
504 412
504 704
153 790
153 105
448 126
823 557
269 116
153 240
77 163
153 271
708 307
504 201
642 760
153 324
504 341
417 54
504 724
153 423
823 602
504 103
504 117
126 673
504 468
153 110
246 532
153 52
689 327
504 284
415 598
163 566
116 48
153 570
24 125
395 58
504 287
652 590
153 276
153 80
519 592
504 795
550 631
153 791
504 667
153 730
504 613
559 222
322 98
429 92
504 433
153 699
760 689
272 224
738 550
504 179
222 415
153 7
504 695
504 261
504 633
590 177
45 785
812 207
153 576
504 319
36 485
153 305
504 616
808 639
580 316
504 193
504 579
504 206
153 172
188 464
291 242
154 390
327 557
598 485
684 802
153 334
44 136
504 146
504 702
504 553
421 292
620 379
504 372
37 552
153 450
153 560
689 199
237 382
153 635
153 135
153 677
153 816
327 580
775 773
504 626
624 121
504 29
153 584
188 382
36 92
153 628
687 509
794 100
504 405
163 86
153 342
725 752
504 770
773 566
504 682
651 330
598 92
153 223
227 812
370 794
504 257
504 371
237 464
144 625
108 302
153 278
370 598
153 774
153 810
153 593
244 296
802 624
153 753
504 151
656 237
22 804
504 354
439 456
653 527
597 717
153 171
379 703
504 664
153 619
153 357
200 729
144 689
153 369
100 518
153 720
83 760
144 625
153 683
242 211
504 218
504 826
386 250
585 583
153 192
153 315
504 267
153 732
153 743
190 220
680 415
504 666
153 419
207 541
386 794
612 185
153 285
136 522
749 436
803 188
119 439
153 595
3 415
153 669
153 216
504 670
729 689
550 518
464 754
370 738
153 661
153 274
153 531
794 92
583 773
153 797
518 772
504 102
775 689
153 445
153 118
153 511
504 336
337 625
504 629
504 347
279 577
504 213
504 55
780 490
153 424
504 479
222 415
153 4
153 688
325 329
464 94
794 689
382 780
504 158
174 77
504 751
528 773
451 198
153 475
153 197
504 814
153 76
504 540
504 716
153 181
386 36
153 569
153 658
504 706
504 32
504 69
772 316
504 333
418 134
738 559
86 83
504 564
153 781
153 544
154 429
153 137
153 768
504 599
504 601
504 499
562 227
153 78
60 486
153 74
528 163
131 397
153 162
93 764
504 375
153 604
689 566
153 757
390 559
559 566
736 749
462 769
775 625
98 820
504 463
351 209
302 246
406 249
566 370
777 119
504 13
654 418
153 444
470 547
504 323
48 388
239 133
506 438
637 253
504 435
153 634
585 729
504 676
598 773
62 272
378 24
522 16
174 466
153 399
222 602
153 685
67 550
21 806
153 155
153 1
787 113
639 776
203 690
807 259
437 440
794 100
504 353
823 386
490 754
153 383
504 494
273 131
294 398
504 428
113 46
307 275
153 573
668 378
209 611
153 734
504 514
504 482
153 641
153 600
296 72
36 92
504 747
799 803
187 612
230 773
504 41
153 536
504 304
577 238
504 195
456 653
153 713
504 478
153 120
764 742
153 23
144 559
504 416
504 636
587 159
163 631
100 86
77 485
798 746
709 65
200 466
229 506
188 464
504 289
153 420
153 403
153 502
153 618
490 188
441 37
614 14
754 94
153 122
504 348
804 20
504 182
202 139
153 818
3 386
504 574
14 256
153 53
518 83
153 178
504 722
184 521
153 498
680 415
504 537
250 92
153 821
153 512
415 337
159 691
698 705
547 352
153 515
308 360
153 317
153 640
504 264
174 230
625 199
607 698
501 519
580 402
504 176
504 226
598 523
153 455
153 87
598 485
504 297
153 726
559 631
631 602
504 507
504 164
504 801
174 775
504 650
548 43
483 410
247 554
504 827
504 657
815 71
504 648
153 638
561 21
153 381
153 208
566 642
440 787
153 426
153 345
504 741
467 93
153 715
253 45
282 425
163 199
153 733
504 735
170 188
153 711
153 295
286 587
396 652
83 794
303 127
327 83
504 414
153 91
504 674
153 431
153 714
504 377
199 386
485 86
761 286
388 142
153 376
153 750
299 123
492 152
153 404
504 589
486 710
504 744
153 748
153 792
205 799
504 290
153 361
504 79
738 550
153 681
153 212
270 67
504 25
754 656
43 308
71 725
580 337
180 67
40 96
153 365
263 237
153 453
63 312
153 143
822 462
153 64
504 97
504 18
481 326
312 273
580 760
504 813
823 370
504 400
772 316
177 807
36 92
249 187
153 384
153 366
134 394
153 643
541 467
100 518
153 355
153 314
504 140
760 689
504 362
300 203
180 230
521 19
737 607
504 28
473 447
153 693
153 545
153 234
154 390
742 665
504 686
153 578
615 708
528 559
755 473
153 320
504 313
205 490
153 461
153 306
504 538
516 451
625 566
153 582
153 503
769 321
700 107
36 689
504 153
153 161
675 817
504 374
464 94
77 550
346 128
252 427
153 558
107 99
504 663
153 449
485 631
410 808
250 773
528 100
139 481
504 112
99 755
504 17
132 247
422 325
153 301
504 124
504 707
754 799
642 598
504 533
625 680
96 31
153 221
109 268
504 368
153 84
504 217
504 338
691 299
504 75
504 309
153 788
485 222
153 236
665 282
504 535
153 232
504 678
656 754
152 437
77 625
125 709
153 779
504 141
174 528
407 346
504 495
46 60
504 293
153 496
57 169
504 458
504 662
504 356
30 729
754 263
785 448
397 252
485 823
817 108
518 150
504 783
504 697
504 530
705 351
254 67
803 754
292 761
153 646
504 56
402 550
153 196
142 470
642 316
153 359
153 524
386 794
504 476
504 793
773 566
794 163
610 149
504 210
631 580
205 94
504 401
504 721
153 409
92 86
101 104
504 90
583 485
214 186
153 549
153 331
127 501
504 335
557 402
772 337
390 100
504 696
504 81
153 617
794 523
575 280
298 184
717 728
550 823
33 241
92 680
523 86
690 675
504 632
784 407
504 148
504 10
673 57
504 739
504 95
150 794
504 457
154 583
153 42
436 243
153 59
153 167
504 277
222 370
153 778
153 219
180 77
36 485
153 520
153 493
566 602
92 566
415 36
554 687
772 250
238 516
153 480
504 66
58 269
504 281
585 775
394 421
153 513
504 526
36 625
745 615
504 266
504 571
153 442
205 799
337 559
153 173
153 413
86 580
153 767
153 191
671 580
466 625
631 150
776 637
16 700
329 229
504 380
452 62
104 63
390 163
504 534
386 337
425 784
780 170
268 147
77 773
153 85
504 756
153 391
504 233
