100 999999
79240 86326 11721 62457 29325 64535 78718 1910 53752 44587 41930 80162 57934 11700 33419 36608 47537 6311 18606 80489 4250 72186 92229 39315 35261 46501 7369 37359 33507 27630 43526 29098 30307 71598 91554 75983 52484 86623 77892 22588 31210 36173 2749 5495 64225 36168 42102 11761 42478 77060 92249 46727 65597 829 2393 17210 63681 26114 70920 97188 70095 14445 26285 401 2395 34191 92735 54878 37165 70626 93817 68374 23151 96566 73868 87375 49085 32322 99135 7914 25733 7735 70992 91329 8564 89737 24890 88596 15850 95809 85783 85944 26606 28420 2696 29000 62610 95430 229 99774
82407 94046 84500 5557 6963 74719 92931 56047 23392 92065 80312 49124 16152 51303 56805 24715 41039 81694 13310 56888 93855 15445 59183 20460 43864 61878 65811 22825 57307 66039 38950 39714 76436 23449 45270 99750 14520 54553 55796 37911 46617 52459 3387 62768 3762 60191 3834 61152 58236 33496 18040 68442 65292 93574 88901 9155 55452 54711 31979 12758 37102 87280 68823 29889 10729 14093 29639 25248 84997 1786 79510 31613 54245 82896 10733 74358 59438 30918 35509 34026 80765 69900 2467 46056 63474 7720 55210 18925 62430 3540 48034 15883 90820 16857 45772 17900 47301 91762 59499 32297
93547 55360 80261 64143 54608 7345 38500 14045 38263 74009 64422 35379 60260 83241 81435 23733 90960 52996 59009 69741 72888 7043 85624 80059 40251 47747 97958 87551 39508 73808 19847 49406 29167 16459 13549 83774 23804 52048 14171 78418 42408 94944 13796 2668 78184 95230 42752 69143 48226 18113 55236 21113 25155 57211 1171 65405 4957 15480 69307 60816 89287 89153 10221 34805 5611 23769 18579 45766 92169 49101 24183 50928 44044 37979 69947 22228 33208 12699 7722 81433 47163 62957 18897 72317 36519 36419 54073 41475 51898 23379 18642 57536 28883 28863 92341 34493 68983 27271 96611 77503
76371 20793 44783 20414 58771 14729 58993 91979 43779 83067 89763 90941 62375 25012 79609 98894 61430 33681 56720 29680 57059 75362 3567 85941 20576 12259 36786 5910 39529 33396 83413 32251 54188 28195 69017 29311 59275 28009 21289 3054 11075 27403 10346 73450 52414 89955 88695 30196 23635 45414 59875 97046 37127 79793 82986 57702 92052 36123 63612 31580 69518 63376 80183 40058 7922 49199 69368 67196 93559 7008 86601 20986 34410 96947 10787 3176 3253 99481 33371 26887 61246 9597 23932 98373 89389 23270 56074 81440 59392 36037 29372 45262 99412 9554 1671 7333 75104 71038 90881 68662
94397 93833 89647 28806 7131 16785 31981 10383 16265 81703 37270 77511 7651 77553 75883 97040 17174 48308 94831 76566 84345 24202 38179 83756 50107 39849 7441 25210 10886 14673 10224 5282 8505 16222 50439 31988 33007 98772 42370 65623 96826 95991 59485 4477 89896 35367 1516 7069 27 96346 83634 84371 36900 21812 68126 3358 78012 91918 44920 88897 22942 55143 10530 47799 87716 77321 79786 37074 76092 22155 2697 89269 34498 62181 93745 24393 13900 95260 31461 13926 7958 31447 98296 61209 69610 82773 64566 47622 91043 25837 52870 13984 80979 79752 61782 85047 73424 41567 22120 49515
80074 24816 55135 30923 3349 48880 55315 33600 60491 3127 47525 84800 50925 62172 46008 36887 61296 26926 84508 52338 69114 53729 66322 66445 49832 44455 51491 23255 2374 73610 89121 82447 14778 44256 13369 34478 93135 85035 68077 69977 4513 31953 54777 55438 94124 17136 92324 55419 60413 93183 24109 29527 63263 6782 95971 29447 51236 63813 52701 53609 37422 41822 52407 68551 2429 82127 3028 11915 67161 87456 81891 88026 19408 53019 43463 29883 70155 52138 85302 46919 61672 25762 76445 41286 32543 88767 70732 130 52579 23433 53739 6353 81606 6145 91255 386 4624 10635 12300 71784
98090 10542 59809 33850 63561 19623 63732 50067 88112 65385 96985 66135 91146 89782 7421 40040 94900 94504 40170 47479 34288 93908 70183 15893 16404 77789 32630 21027 88423 61281 9163 2865 71823 85323 36714 51735 21298 445 1801 25761 82182 15137 91896 73327 4918 15668 13367 16170 10171 69888 63648 44459 80147 50182 76703 96550 27970 25685 33929 32745 86965 59443 35609 58787 44765 88674 26873 82414 89118 45025 8175 87651 60162 16422 77330 81431 32089 7048 97600 58611 76935 77599 19421 57081 44132 12476 69982 72102 38160 3910 21198 25124 63352 56806 263 24469 45479 27135 6882 50948
72160 31408 38599 48673 47829 15928 46455 96269 22975 44055 54880 16261 38005 90652 73341 82137 3127 43322 70590 57638 63584 91787 82762 43287 64944 99376 67755 10422 42862 90989 77721 31373 22396 32671 80045 70225 64950 42852 66493 4276 86906 37724 20536 41262 28376 93876 39750 47854 53550 10339 21844 17133 18477 4605 60419 83420 20332 44526 93841 63193 35514 87914 10918 74261 20584 7314 44485 85534 50165 27330 89809 53422 65053 26697 94684 9780 20572 34433 73986 74121 61124 95829 7605 79600 16785 68024 63020 53468 12549 73212 33012 64414 77477 43929 38674 98061 51243 99511 99946 1407
26840 6106 54829 8244 32802 65864 34376 69726 296 24713 60198 77771 20541 67803 57371 53677 35826 36742 7144 64726 9953 40155 45491 87430 436 516 1842 51678 26 18139 53084 43217 40596 24264 51461 73398 90127 2188 59475 6775 26900 19672 84545 63792 87474 58267 33820 39651 95008 40963 20728 21313 97469 66218 25094 97904 83086 43287 49581 83111 61425 19017 26328 2020 59632 94140 91769 49759 12679 51243 72885 39578 87267 57429 19721 74740 15696 53540 14391 27055 10854 51470 48367 8322 34040 89812 22578 17125 33098 88510 235 10874 7526 42914 29246 67158 53405 21014 33268 66083
88609 6152 5660 75875 79932 41732 66966 95627 95271 97708 39034 6124 49178 3752 30798 83217 93564 53375 341 43013 41884 16927 53887 65762 59841 83132 32919 29597 20497 82538 95680 25457 88689 17691 17683 68620 59423 84649 80599 54693 82356 19632 77169 47885 39735 7966 31101 33298 77692 47793 92663 19575 64720 46549 85336 40912 46032 34606 70508 66528 17143 66187 8337 5831 83878 26019 90803 59652 10667 71401 30696 9375 7384 7864 57259 47118 32181 88360 96768 9872 52504 89430 45799 17223 52330 31134 74486 98361 82092 61346 81240 99234 27532 89576 21417 27761 15595 12219 3764 42613
99971 34460 51987 23706 58675 9246 70823 90856 13957 83942 17079 66460 89723 62877 83683 42052 10363 74520 40412 92454 35865 38004 8039 79749 27579 45807 23861 59525 74377 27625 2138 74347 78436 54124 98052 37110 63369 85227 44317 77325 69168 61396 60137 75243 40624 60171 17294 50986 34690 74058 59791 70555 12061 84182 66655 55991 29988 90515 15516 4365 34491 34005 78711 12926 88128 93115 50036 67849 78341 94352 61525 63860 72099 21661 39102 12723 81831 72748 80060 32873 46805 39851 19779 75217 24032 86433 31207 70371 93299 63074 74735 27790 97078 69798 40715 1558 62912 90750 85758 57604
1454 47282 37815 73552 85295 93269 86274 67125 66016 66334 99997 29172 22536 19775 4388 62919 22559 51946 33289 15858 31372 8024 43647 44801 77821 84361 62710 57084 91463 48467 31039 92916 95749 85205 82819 97395 78473 69093 64519 60840 51778 80868 90011 74313 16994 10750 37231 39553 79048 70519 71762 26771 94894 15408 71571 89066 16120 34281 46149 7582 99099 93539 16849 11199 78744 99668 8593 73568 85112 89464 34408 36889 70331 40770 27553 3676 67872 81135 59580 63271 51653 31341 90041 62899 63100 77963 51964 79220 28595 14465 3153 27694 8003 36354 38892 3098 52373 63837 76666 37484
53300 27425 90724 23630 84546 18276 43657 52417 99410 3237 32039 67414 50929 22079 30312 14029 16394 98628 9600 44988 13092 29104 89033 21094 65457 44277 40544 17829 8113 17209 71664 61412 60985 78739 1393 45530 13366 45049 97947 29127 64637 29985 96541 15566 68416 43204 45946 1161 41831 55545 46148 54922 1000 51533 92368 66457 95809 32911 637 3921 66471 88653 81684 27455 67391 83076 72984 80757 44476 87282 9883 9113 33619 22775 41030 18386 65979 86975 19546 24161 58871 82045 95435 59870 33577 4154 42678 45737 53416 43315 66009 19886 31967 47692 63692 99357 47119 53027 80113 91595
56661 6348 707 6631 29122 41736 41368 11452 45062 60913 35613 3932 59309 47399 63801 9238 51552 6479 54974 4967 66145 37335 41204 14463 85026 21247 13819 48497 90625 10284 40091 63637 32983 40797 70267 62104 98884 11634 89908 43945 88898 41872 64228 48207 89270 44380 57444 57173 67210 28769 78491 33354 66103 19694 47816 67481 57292 77987 15977 64268 4622 56067 27905 37604 13215 98171 99707 28450 26157 89614 88746 15054 31485 52973 63260 37106 97352 37055 94278 80914 65824 72768 30619 48278 8813 78435 15758 82456 72773 48086 46724 77394 20504 74628 14997 50070 89150 31055 78519 15306
37021 83616 30360 84857 36588 93619 21963 50292 47026 16240 47557 12849 5360 78175 77478 14172 72961 9588 12980 45733 57673 59703 39478 78177 34330 54474 44598 23479 1881 39469 38785 38901 23084 85496 40109 59672 95466 62071 26315 42491 94663 73871 71691 16374 52045 49169 30545 41358 58756 59876 87090 16428 19578 26568 10956 70259 97393 71906 10090 99273 11374 65226 54525 34457 50721 94634 10480 46186 73056 53146 88677 67718 43368 60367 84091 11765 9535 30988 53122 84642 90863 40211 17422 26793 66778 44729 97051 80523 16634 23492 79795 28007 88717 50672 78816 39437 45305 89295 1975 18360
58793 90651 2430 2160 67369 2872 13924 93256 33859 67045 77897 41074 7256 11670 84218 90385 56399 81268 87259 73032 21112 67054 17391 9828 34077 12558 49265 79381 1852 51239 14092 60644 58241 16521 79156 41961 35745 93079 35216 85955 60124 29465 43380 83731 41134 27597 90467 97532 25217 77726 86916 46328 61131 20658 56155 95207 33215 21771 90939 51418 89361 5030 12062 63953 37903 7569 5914 89999 647 41129 75953 77122 70593 19333 60852 11727 46929 67671 25610 72145 61748 12525 18472 22878 33182 90979 34436 66396 12749 25374 17814 18462 46755 46227 82414 1009 53795 88327 91007 70793
29456 66960 47915 16400 86292 25118 44478 49572 92788 70088 21717 70887 98964 56540 93764 32146 63870 44551 14893 76619 69924 49058 95080 33031 11636 77493 34039 81782 82172 25046 52575 11627 8357 16841 44378 11000 58310 88856 60571 51098 75295 98639 38336 74258 55179 32100 22755 19048 76650 54000 12018 62926 3057 23449 95956 31045 17294 46346 12826 99465 87743 81752 27443 96099 14944 71820 23450 73254 77027 84021 40703 52321 82659 79038 42931 54189 27489 65685 89589 20491 19684 17958 83416 39093 41407 95723 70137 58700 58420 99314 74516 46163 81066 1958 58613 12361 90129 82063 85614 83508
82435 26316 35828 81445 5354 95110 51986 49194 60795 41574 69684 96830 59531 53099 35922 17289 65173 22410 92340 23593 21724 83207 69755 19141 85164 44719 31501 91645 26781 17115 75152 25567 59782 27331 7012 81487 22441 58997 30681 99587 16922 364 96416 92804 69815 48690 10093 51339 71099 18784 74931 92822 1991 61037 11962 3506 5756 59815 11502 48888 76929 86653 74455 53062 30336 97818 34549 69128 73166 81581 68714 90087 98296 81481 82890 68110 30170 9334 19449 17621 44470 10731 10442 46460 71768 38756 66317 93875 98570 77819 42762 91850 80823 33568 44911 11158 47737 95811 96637 20902
93743 81702 10988 92039 63183 10230 60148 9704 19563 95948 27324 80384 6679 54118 26843 94798 92873 9512 88672 7794 87330 47785 99643 84504 97705 60905 12014 45441 73068 8650 66343 66810 90352 93682 58848 69886 3911 35348 79589 39826 31295 23265 20209 54325 77382 63404 65474 86606 72915 54145 94399 76596 18282 10393 77451 15986 71297 89464 61426 44364 98114 44120 11174 4817 37802 86373 74702 41712 21720 70642 97889 69367 10258 34450 40043 3991 97853 5517 90596 87119 76013 1346 80066 94294 11738 57516 10279 99387 46980 88057 43750 61445 32176 71275 66261 69977 57648 57314 28041 79367
44307 42281 65085 70917 76730 5128 74907 74582 10644 81855 78052 86656 83200 58117 97302 11290 15633 23932 10676 78964 11988 70777 40408 60516 42052 23020 46844 16051 96685 74884 11769 40991 33517 76854 11907 10246 98333 3166 1180 8976 85020 95583 11983 84571 53700 25636 95860 85684 49568 22887 64647 61555 93664 21406 38422 52067 44425 85266 84469 41109 76501 96237 98451 10017 89442 26710 36615 87774 29875 37794 13101 14894 49728 25084 15816 3427 67071 11676 5462 16638 34562 70108 94545 44577 7865 32966 12995 68641 18231 97463 26101 94732 10052 24552 21100 99493 67613 57714 3619 97487
11859 16719 28732 61587 58154 44547 65013 25225 72574 86827 58214 23488 56934 52758 68064 81151 2076 97411 49791 36658 94873 75892 31389 21276 16795 52489 37121 84407 26554 40739 98245 38413 73809 26976 99999 31963 87874 81363 73539 60448 68189 31752 83935 41475 862 51998 22625 2937 65760 88767 39594 60633 64658 87335 98260 81452 56175 35380 82210 82728 76118 80454 37492 49927 7429 37490 98241 11655 35205 71779 72102 3393 3530 56036 61219 20743 24385 195 23679 90145 88962 79625 67129 69971 83311 65388 67775 39485 768 49984 38564 93237 30438 76056 59515 54218 29897 57755 65872 81453
29533 54325 1198 49415 10360 62416 86509 34745 78963 10188 41241 67924 6164 8369 37894 89474 90108 22020 45310 90875 72004 225 464 18793 92632 59978 89362 38881 17733 71586 20333 63617 25910 21530 29383 52622 298 15892 3718 79260 42431 44958 47183 48594 69678 1428 54419 59785 23448 16080 67012 11803 16304 67475 46947 8936 27452 52660 64168 61536 24245 84500 25153 66507 6030 54535 35480 6327 70426 39197 1938 29208 506 49120 77801 86535 66899 48571 46319 6698 64650 29682 34852 97306 97156 81798 22593 40960 34458 86760 2495 75054 71259 43999 57912 93640 98534 93391 16318 85311
48939 18255 14519 49444 83726 8671 35978 50625 57242 98649 73674 38243 28330 8526 35548 41838 90323 58140 82797 41132 44899 1643 32538 32510 45642 90449 26149 60527 192 58819 62189 49130 77073 93059 14926 77151 1730 50903 44127 75323 65903 17800 13565 94233 42677 49113 36070 49352 7252 35218 90483 52151 53212 39372 1012 98853 29821 27160 75731 46364 85978 37920 95493 79403 30978 10418 72905 49059 77673 17031 24381 43575 51182 37946 54159 93859 87058 90228 43210 10661 41797 50044 79163 95009 5768 80174 10213 51940 23686 85944 98303 26015 40215 93795 21769 71192 20565 94673 20251 14589
28055 60983 58163 79237 98928 12322 89447 2337 18901 49008 12998 77050 15403 8512 72058 21170 88686 98622 73109 12371 84565 71411 54737 41131 81558 76506 12323 18474 71178 48925 33062 99233 9907 91224 94821 25187 19897 84267 27523 38798 49626 56872 32199 65028 65384 4256 86198 70421 19229 75658 99143 20146 47069 53879 61276 44978 30384 73598 63451 17914 38874 96512 17146 48781 4087 28318 90319 23984 12584 17841 79133 78561 91065 11331 43588 72800 31938 46137 43220 67518 21795 58714 87663 85215 12592 48939 46544 59328 38888 9994 77241 77762 22857 10738 42894 43295 39055 33212 83630 67990
67404 62762 62902 58468 90444 6489 31267 38733 68978 90838 6251 7124 49551 93913 92338 78495 42851 55233 54174 98091 81578 47766 75852 4434 58503 18745 64080 13909 68308 47710 98250 35711 26823 61151 94179 17267 83991 41797 72351 52968 32635 94953 60091 98537 5218 68780 93383 64420 24012 47556 62510 5589 95321 38361 26374 70175 73457 90454 435 41764 38163 15036 77475 64985 76186 88005 98603 60177 29801 87306 29496 78787 82258 5939 77324 87475 74718 87058 51895 15082 34614 14404 37022 46286 69117 63396 32813 42573 70201 33247 84337 8363 48283 78163 89699 40820 82519 4654 17348 12319
91959 46844 7458 90568 69134 1133 94395 43851 88190 46289 58932 22803 77044 12306 85441 46160 75701 18253 88733 45901 67851 89421 70615 16133 83935 76665 73305 66453 97670 90652 95123 5980 53847 2580 96548 22980 3712 90942 83183 91902 53582 58466 31056 30625 70771 16496 93137 62823 51100 98221 8723 18951 87641 95689 51435 71575 88706 24739 54379 86375 31743 49501 8707 1941 52081 5254 24921 55792 12547 24455 64045 82480 82920 11453 29456 53691 27948 22592 16513 79048 20812 41588 14350 24804 53628 65784 12730 58685 6875 67108 61412 38617 32961 70118 40557 85041 91723 81829 57184 20621
6283 37581 3100 89203 49033 32555 59245 76980 71499 92109 72379 8662 33696 3080 33466 3676 68864 62547 62360 92090 46007 40123 30706 78967 10240 87614 64007 1962 69443 37542 38934 92077 75122 42033 97631 24154 90940 56875 17486 78790 48984 6216 87451 99031 25648 37268 19058 10863 99815 97770 2952 62173 37892 50009 41139 48132 37622 5145 66445 23416 59038 5379 31845 34160 63763 29475 74665 71054 2702 8502 49843 51685 31070 53646 67067 56717 7265 2477 67579 7079 246 70530 69251 38137 20538 26741 2620 74511 48237 69065 14279 7275 90795 46123 57786 70909 75597 32450 58315 78298
57304 24509 46334 88373 78154 29753 45089 85419 32229 12667 8849 48826 99548 94452 86962 36437 21192 5934 10947 69429 91350 25225 93055 98496 71347 50840 69404 63296 99641 27718 57945 56944 68579 4279 61668 46732 50383 6756 48502 82611 35774 73703 47788 35321 68154 34749 88109 5697 57034 99056 91477 48383 40632 84531 46878 28331 35370 32634 91626 51363 76703 49570 8306 45281 70200 69974 8365 20582 93081 73218 19544 28855 46920 67331 80527 31425 18432 68636 53474 75465 84043 44950 40200 24674 29481 87077 69356 81202 19710 60981 32564 96413 26903 57222 58045 13454 43547 66409 34036 36627
39627 69931 81833 2898 37262 62360 34323 72045 47347 87796 63861 47741 49097 4060 72414 78577 91137 41770 76131 27198 19102 25046 39962 62356 82267 14359 75810 25813 80767 9845 62440 36745 96127 44272 39643 33388 22983 90317 21784 86681 94464 85645 34421 43560 89704 23187 38489 97192 81308 30971 40742 409 56016 80703 79117 38283 95061 54926 80447 92180 81122 42886 28924 77248 3510 84918 26988 42844 75234 48771 29525 86049 34415 80297 29609 40471 3483 84449 37662 84790 15419 78403 1551 71434 75458 80667 26068 86870 51944 6515 79049 33065 65752 24325 26664 85613 9242 53651 28457 828
18774 74333 3228 69540 54629 49188 10010 74464 33636 64024 75605 65406 58778 77155 36840 34235 74173 79259 21105 26116 85773 16505 59180 51525 40829 2196 53489 66423 55846 81945 83602 74619 72629 86829 60511 43610 36017 70520 34425 86004 34543 10029 51410 9673 87184 4601 43907 61356 83859 81363 3824 69632 97868 63003 37508 55048 65198 90996 37822 37396 89293 21423 28366 78273 24604 88876 21882 76972 75748 72658 62975 26642 82687 30736 36314 69870 35336 96573 47577 19195 77935 51400 88826 92154 30755 42685 63554 12304 50032 1375 66051 39324 39150 10769 33949 80105 99644 72182 57076 91743
44840 36402 18385 27526 83490 54698 13747 18825 51270 61323 38019 45557 29075 43196 37710 76181 2232 1263 4836 52264 18990 70887 91587 74491 81655 41887 54595 97650 14069 28022 89393 58908 80775 7777 86433 64264 78826 179 83089 46448 77853 37459 92004 6927 97007 46065 99459 99238 63680 4295 51501 99021 91533 59440 73511 89539 1326 28105 87188 15394 72478 92932 74301 53252 708 60733 33868 95886 77263 16956 42333 55116 70766 50688 78394 67772 96752 77853 67010 76783 98499 34862 75803 90031 94301 49313 79569 11979 93769 66756 27372 66246 59688 18025 35850 76747 95109 69717 88984 72372
3024 47668 27487 73789 98355 22232 57913 11459 84 41274 88241 98582 76135 64044 4964 86788 29708 84532 98766 23477 67640 42489 6074 43679 60513 41923 36777 55622 27991 25761 27993 31014 73428 71831 21155 88135 10414 95419 99593 10498 36692 4185 25431 29178 68228 46747 15965 14288 47630 31082 37764 15269 73571 60189 75299 34083 2112 28428 89704 30102 70540 34048 77468 60319 22230 14974 48453 32644 10392 64397 59493 47083 68582 1275 76260 36809 48021 8577 67448 95651 39658 21563 27271 13228 81752 18922 63663 215 47349 53366 30316 17888 3766 24135 78206 25995 39108 43011 58638 49499
7407 34482 12933 75988 35757 5545 29149 83777 14121 96596 95779 70130 18159 39402 99710 99910 58323 63372 124 22023 33089 46791 39910 36854 87278 34467 79201 26385 77477 54190 92236 1236 88672 5168 77223 24428 10712 22723 24556 41184 19319 36687 27666 53829 76088 27375 70090 50762 90746 86565 72784 40186 33355 29045 77040 36984 63511 72592 79721 57340 26781 71956 58575 31804 93475 52149 56231 4187 74872 97139 61722 10542 50177 89387 64370 42616 16761 34459 93377 23858 21023 66160 64044 70729 95204 57435 24065 75066 30026 3785 48757 73158 75740 7331 4962 69214 75832 77544 89752 67055
91034 51474 77596 57562 57212 41965 177 90325 92775 93553 14182 30149 76064 94577 17229 87619 68363 41293 79037 14740 45077 27793 87898 20816 51476 9211 6382 27307 86754 96133 94361 94140 63958 71956 51701 37522 30272 51878 27846 39398 61782 42027 69546 54198 52956 86774 41816 21318 28067 20852 36058 73143 64997 40307 10311 16472 49517 33044 43778 52622 45528 54490 63113 9486 42797 14814 63359 73068 83043 91204 28817 44824 49582 98362 15373 2537 1487 73541 23855 29553 10744 76264 19048 75740 32922 45710 92211 98790 78753 35988 51411 24280 6829 14524 50117 49625 45689 13475 39044 28731
4678 67860 89906 54260 66221 5279 73148 84060 95171 13354 29964 5914 89617 49011 81654 38890 11072 73864 37679 89824 26204 89090 30456 33032 19965 80572 99009 82005 10399 38052 10735 31428 5912 16992 2039 88484 38622 75187 72543 33792 88540 2507 56058 94509 67869 37711 33398 78941 27926 71077 85116 70481 76518 15571 19865 12834 12495 18873 94838 39245 73276 21924 70672 79187 55267 72711 84023 93889 64249 72917 44032 69140 75423 89 80000 59644 54151 29750 54936 98429 826 40051 68909 93695 71974 5125 22880 820 40349 17717 40064 13625 55992 10735 92811 11258 99797 93185 21498 80397
66102 65530 65889 41524 81970 45888 17519 36121 75637 72454 34549 92814 28857 19809 2860 17182 24934 25739 18001 81634 59807 58064 95258 15798 85150 88069 43408 1299 81253 64905 98047 47354 46786 63935 5230 28756 9823 39100 64876 1811 27906 15776 94625 73114 51936 97484 90295 93221 39575 8295 74855 99381 82710 70112 31531 84211 74532 91290 1861 72137 56194 99908 35842 2980 63842 57423 48087 90016 96523 29314 91827 40780 45089 2803 13893 13376 16638 20539 6597 56212 45185 97803 71945 27894 67914 3475 28456 42446 94764 30317 30934 67309 46576 66775 86640 26769 24198 34726 16785 37072
64039 24963 94203 25479 27765 8095 38855 44402 28633 61803 16966 90169 59605 88910 34414 43870 92384 62869 2667 3499 9537 33600 70807 56112 375 57447 82881 40924 8524 99665 94347 72563 40979 88549 14393 68743 12995 69599 29496 41627 31401 46461 31795 7357 35370 82560 51227 44105 45428 53893 47603 54965 3845 34762 27428 20571 8560 10308 61494 17083 26324 55840 5997 67302 60740 20390 52396 73734 6340 98244 31712 54093 44704 79858 61449 96426 62417 29027 56882 7844 99272 4485 79160 3116 55598 6588 40038 64157 33247 1531 97591 59571 73722 19940 43224 50813 40329 11972 24546 63020
10215 56257 17112 71270 52466 94913 67695 14882 23939 24577 39077 39562 45413 18237 59029 17362 41176 99066 97870 74422 16948 95460 50344 7021 15399 93568 57833 72079 21891 82378 35099 32105 54986 68562 3374 7451 63474 87421 22332 3765 28349 61409 59678 90113 95997 18707 7474 37172 34124 5343 27945 51072 17154 78289 74444 48905 88208 32277 37335 10098 31006 88785 58554 85992 57347 61927 93442 37172 65699 32126 40936 94047 9886 614 84159 5882 35672 7984 59405 69795 29678 3701 37218 46832 98341 11662 12088 2900 60290 49422 29349 91295 54559 87902 77286 28257 66181 87080 65428 31879
19205 6364 42278 45442 23329 42788 67675 59000 50772 43431 45146 80449 47131 98716 43632 61824 10377 72071 64723 70666 21493 94072 61960 92403 98325 55598 20659 64505 42677 86086 12736 78233 8801 71365 23674 32129 14152 91348 7480 81275 34778 52626 78076 98260 51341 21707 60083 78069 93778 41158 65086 31622 35229 43397 24024 49905 98994 61034 14410 41670 47119 43497 36254 72272 14861 59927 4400 29012 67626 28232 26639 2403 97209 4714 17015 64901 26420 77097 59321 36549 18254 24406 68170 69834 67802 8545 19739 83148 69578 50500 41169 33049 10348 77423 5320 25208 37349 26071 70571 4975
70654 97209 23729 67862 1922 40743 49114 44694 34192 8434 81242 68797 32839 65764 54983 16993 90660 91073 140 60238 41572 57660 9638 51919 35082 31309 93478 72431 73731 64048 93757 44385 77609 17485 28598 79530 74580 77712 24223 8771 86145 5465 93919 35336 87580 48901 68680 78239 39973 85171 54828 97896 42830 64465 66166 77912 95773 59643 50342 85856 40043 60450 30240 17651 94286 58837 97180 68865 36548 37755 93987 39045 59571 4258 74380 47150 53158 43059 25388 9483 28229 96568 7378 71058 61032 89896 48969 73157 49538 15662 59012 5932 92463 5603 23582 86749 64439 37114 71965 17339
91220 82304 56383 50790 86561 47114 14291 39718 90172 56030 65552 34752 52597 89282 22161 29981 79177 87482 3137 45066 19495 78500 50998 11958 84102 90931 98706 64892 44396 87022 82230 35615 69325 38612 2756 55885 85725 17046 11955 92248 89428 93858 26999 42024 83139 65512 72004 62315 52993 91492 7381 72487 86343 74730 84444 86796 65660 99501 51688 10056 86523 33917 62022 72199 88881 64778 44436 90957 98175 72742 99557 87602 66599 42907 45978 49738 8418 34333 28404 61410 25825 35784 33897 28519 26865 34692 15315 92525 34193 83354 18932 37067 17270 97305 25617 22502 62082 70052 29811 76609
59145 29367 80562 25744 72273 26539 91833 97043 60872 36588 58452 3048 88724 8700 47918 15588 59744 63232 8112 10288 46585 43395 63706 80207 40700 89322 19060 19133 75726 48870 95741 34870 94588 92655 76965 66861 19193 85149 80255 96416 21737 55058 99463 10460 63758 47381 26047 39853 26964 50511 50140 73549 10257 13845 70107 50956 19518 89166 86441 95243 54388 98533 46465 48975 91187 23429 32187 10380 24930 12441 23147 46666 67499 22610 73477 47608 86342 15875 87460 29657 82737 53951 3205 92994 84147 89663 60301 20016 95181 46741 15259 49568 61626 78075 98542 52812 17855 30729 79543 42784
59521 2690 5801 43371 41651 79277 90978 27992 11504 94789 57648 94240 65091 77205 3585 49237 83219 63886 85605 78399 26978 863 27966 88603 95289 42860 57767 13143 73588 37309 55927 49460 39998 78079 92831 98000 73708 160 42343 85211 94949 99991 95802 76391 93547 99387 41980 93117 79624 27584 71516 22953 44798 15833 27908 40086 58692 85674 53228 48631 39334 25506 98091 95684 3585 90921 93683 93644 91080 36026 78854 2380 52368 91007 78771 62266 90393 20750 55382 86368 64685 26897 25673 9482 42730 53580 49567 17773 39253 19146 66404 94938 44652 64494 90621 64588 71766 84304 58231 79197
36681 53436 97929 89048 44442 76699 67665 51187 13800 23046 37554 94836 66295 63226 4317 25376 33157 53883 43148 88761 73028 9551 83699 34031 90396 74319 14970 62161 74974 89552 57710 11654 42987 55638 17053 87429 48688 84717 54967 62487 24115 8872 57322 90409 88450 77990 15784 21606 31872 75283 10367 21251 84834 10417 71634 75229 1087 2955 53742 76061 92507 11451 4066 35493 67088 37471 39273 15775 22187 94239 94613 46301 3111 68286 53061 91560 46275 68844 29517 94498 60479 56235 32100 45312 66651 20085 36892 67738 23040 90633 60150 15546 18435 64215 67390 85522 1685 6663 17648 40224
17253 12260 2876 36715 96897 55937 44626 59523 41132 74143 54020 1610 30377 2472 46921 97028 22556 165 81117 61947 7149 41266 77492 25584 21832 61234 11105 23517 67896 45105 80092 1500 57364 82967 38215 70613 38903 82840 30135 80035 73334 507 81644 3711 2978 44917 17090 41885 45081 14558 3832 68581 55823 97675 94164 77654 58908 21621 17522 43155 66725 97613 44655 40440 96932 99221 11052 35834 98412 41187 32220 71746 41693 30216 91808 61022 75132 25249 2906 36564 39806 23089 5144 11980 20764 15660 89633 79671 37280 23507 39178 20356 37471 83832 60795 34402 99404 88199 86588 97815
29385 18807 85912 87429 49022 94071 64802 40505 19319 67707 93420 75476 7148 14916 87455 27911 30575 93440 23933 84206 16946 63110 4561 70768 63293 81707 5170 62696 69905 8109 76863 15641 26915 79126 19421 92289 73197 84222 49145 8867 68281 58917 84343 75428 73832 88149 3338 20758 81588 43622 21315 14885 6732 42227 85653 86376 23933 7174 65424 93838 15282 42286 9478 58548 21411 28899 67188 10959 13120 16333 19826 97752 91601 20520 73179 81784 8668 76516 2541 90256 36490 40207 21492 43221 82433 23496 45948 6365 47021 11371 202 78654 53656 26032 37202 91419 71282 20741 2377 84401
53425 38554 82153 45025 59073 71683 26808 67741 64551 45700 74348 1040 85906 12191 44260 68338 35687 6559 91055 82707 17930 7608 61361 71585 33639 14914 79355 4920 35654 98084 5673 5431 36637 4177 50455 95710 75859 77263 79802 56761 39314 54149 57800 25220 66339 18411 9909 18377 24970 17315 1084 42899 24923 78796 30835 74913 93709 26542 96185 45714 24625 18209 51144 61261 22385 17951 73322 14595 95213 53123 71356 34526 23623 45507 76097 6314 63918 2358 24690 88887 19672 25773 48137 44594 20920 78971 35859 30980 5512 32043 76694 46488 50251 44189 7749 88987 62139 97422 19933 73703
66897 7640 24581 90519 53147 677 96832 17064 3034 21522 22302 39058 63646 70438 3 84566 65760 35861 15545 87624 84255 8590 34111 50857 69131 58211 39843 31269 55633 76128 4972 38881 83767 45904 29399 53265 46580 42583 86680 65966 80456 25333 21375 44101 12122 21377 45018 77882 57238 76915 65505 57844 1856 15967 8701 70986 74178 64895 2255 46162 57374 23578 85042 41141 69481 30792 10757 32412 73374 97437 14729 53829 39121 36103 14282 51243 73832 59299 29124 47421 52565 10980 5264 54421 26946 30316 25406 17475 95211 44012 63636 52584 83941 65029 10076 69773 95821 37185 2185 69194
34621 33265 39375 73741 85720 53656 24983 59551 29306 70458 23323 98223 97789 28586 52643 24735 58902 78048 58561 70464 38412 22197 23047 22352 87225 49475 92125 83045 86659 10661 68591 37631 60277 24317 27723 45996 77972 69058 21898 23629 39515 45220 21851 37304 90158 74493 78390 49059 68893 36950 35874 23656 75498 58920 46007 79075 24746 38131 62119 11404 65143 47061 65386 25420 71377 93109 71415 65700 62166 9665 5681 18032 71236 27531 55335 61393 18376 50076 26803 3620 87026 62676 27275 78875 37948 89633 57949 62693 44116 36420 90449 9258 83480 55834 34677 71209 48942 22444 53260 27459
32108 58940 45491 3343 86471 17177 81088 21198 67253 7890 24817 70630 70566 68443 49504 8513 58075 7453 71205 2190 43872 78005 11448 43703 33839 62476 14911 99132 84919 84523 26591 33378 43462 88433 53073 29932 5609 34160 51129 72861 42049 92297 59842 28966 60739 9346 37478 35166 33150 25035 37355 93373 19391 65154 37075 53229 43982 68338 68713 45252 52860 11655 94982 96321 87 48054 42605 5695 98565 10085 94908 56965 2382 71101 85931 79472 80446 39760 14637 29947 81146 68344 23319 537 49849 76746 53765 10182 45083 38829 55434 14294 50483 50415 26966 50569 14820 69570 72616 13384
96007 83875 70348 14740 54975 72630 94211 51773 12390 25200 81719 9887 9895 21390 10423 76095 98135 80540 86277 59569 19368 41710 73862 86203 92124 17179 36771 6943 3101 25738 36678 99107 9612 7025 13846 80939 96007 24408 32711 8396 49607 30781 34634 75853 52170 45057 51948 50304 25596 38224 26224 61315 79933 85 47517 88408 33616 84288 95350 36716 26377 32027 35822 52341 55403 49667 33279 51409 74074 65989 76156 40033 96769 10790 15885 65291 72198 67832 31946 97793 6055 58170 59107 2339 74606 6624 90746 8221 7263 2447 44936 49991 34473 80757 2331 6228 46775 35609 73988 37201
17949 66496 77233 31070 93637 9469 96360 65834 77301 28305 63626 99707 2826 39084 2046 77432 62059 92791 85652 85673 95238 46940 35664 46062 44048 54346 68641 90823 89955 42629 44375 24255 25476 21607 55324 19112 47427 68035 84945 24727 12692 64922 40786 15517 20357 42831 92948 82416 51973 94952 84440 47210 41891 36455 9624 85938 90801 78264 93112 97107 37244 37486 21361 62719 75444 93037 98182 22871 61071 83126 63949 90114 64399 21086 5631 84756 63916 14930 83523 15889 26233 84314 79450 68123 20769 89073 70413 11569 83689 79876 25027 37284 33714 46387 3 25509 55775 98184 64731 33198
97662 28680 23311 78412 49765 45293 79519 30033 76575 63041 62273 2807 63707 41722 87282 84475 47147 74046 12395 47187 53921 37421 84470 87634 159 824 13143 55934 15360 77873 89131 29373 22904 12441 7784 89021 74086 87303 35405 50660 66695 97677 53466 30401 55750 57099 14875 2896 31144 43621 66434 85065 81041 50904 89050 81200 68079 18544 53485 83438 12769 42615 12810 52024 71407 20594 57396 45492 24248 92800 12503 90942 90476 82321 37695 62578 39419 52569 65473 70563 12542 48259 71979 93582 99162 77380 91133 67240 12276 44617 67030 25044 87231 79839 77067 74990 16784 34463 36833 57383
43614 49336 48325 50442 31656 86019 13019 87426 54939 94843 74340 67480 43101 46318 77414 58614 40050 68546 42206 52325 29515 9235 77368 33097 5425 70786 8086 22209 21600 61271 95943 65214 10606 44267 32007 58613 46637 45025 62390 17928 39867 36730 1759 82968 83047 79172 41581 39448 64070 83786 91772 9936 9372 85491 43032 14797 56277 67470 53357 94228 28740 49299 75793 39345 9918 7799 14309 72906 52823 76698 90833 92690 13427 92592 92009 12826 88115 49941 52273 68536 33727 60397 78471 59450 45887 21503 90598 18515 88972 43954 29095 34063 9605 4887 89759 35874 29038 4067 8779 98212
97116 15964 7253 26895 24907 99261 39720 13021 49202 8344 97909 99280 68740 76379 75081 30979 14233 65679 49493 19556 25984 78587 53618 51940 99826 43376 87813 45215 63794 96592 43426 60910 28907 67031 87804 53813 66291 43875 66833 31844 68570 64741 47475 53662 57472 22556 84640 71704 88234 50484 91260 30569 45423 61229 82509 61600 4605 70321 6814 68398 83264 66591 45659 12170 33621 49814 65982 16264 10040 49167 48107 78610 30259 95582 48623 87730 34489 49614 75786 39074 97 83397 69642 61871 44625 52150 23470 65581 38823 30283 33979 22086 13226 79637 50608 46846 45803 16589 63109 55842
82107 11216 34451 12366 23149 99425 16447 73989 49038 92232 13062 65487 91980 82703 27357 36605 51205 50827 18537 90027 97461 52515 12112 10686 48504 62719 73884 94306 95660 36992 50147 77766 64559 950 6483 4059 374 22930 78047 65764 31513 7460 31250 39845 90163 58606 92801 57719 25784 11337 47745 39597 80204 76208 66634 28707 55279 40517 39364 50938 77509 5862 45055 58419 23163 51538 62478 39889 90819 56876 5652 38683 64336 36901 78527 70850 11858 71327 28568 53994 99016 76312 93590 79219 68871 60223 7925 24149 17092 63640 91438 10952 85853 52845 69370 9016 4382 48199 48904 11552
5075 54555 66586 69410 7807 61465 40259 19664 49143 85178 90009 48158 77841 83598 27376 46711 60173 51652 87212 77264 15291 78649 4567 17496 31493 73936 26511 52226 38487 75414 80129 43561 46320 46715 29322 70478 24531 85932 6493 73673 71109 96502 21831 65301 96451 49206 12011 56623 17210 15574 50238 48852 10575 54804 66347 58419 45092 92857 10645 83578 84622 7125 27138 47293 70191 72811 17770 94721 58742 40615 68394 29850 37116 90224 95150 33566 55781 23512 6541 72990 55438 56778 21842 66012 27934 4540 24430 73025 97397 51426 56602 98370 58551 91 62015 28741 72901 96136 39814 31642
36750 8207 77843 73865 14782 89344 23783 86914 29207 30323 59904 84644 3452 98097 50655 31385 18988 75085 20761 32736 26510 77362 31106 1412 93804 93120 46505 83056 89255 86318 31049 26005 10876 25243 16221 42009 14586 56355 28922 60145 3029 5177 61140 6481 19625 11795 54217 38613 3231 74978 71348 46092 68691 2453 47504 62495 11924 10360 61902 17531 96677 92951 59887 23904 18193 92459 65912 49131 48814 94833 25627 51842 10 86766 74674 19634 98560 28891 74598 18142 20220 45946 64234 88910 64750 28089 67756 76674 38448 29658 10556 51476 38960 70442 75379 73504 62900 41290 22634 28065
52474 64612 96259 52483 51378 70932 88469 49937 16174 63066 84431 36393 9011 65016 41655 90113 93104 25762 83138 47903 71771 93693 99378 10730 64134 91108 586 43385 32397 23219 71450 84870 87831 67708 53705 55560 54991 42173 21848 71165 21590 6278 23909 46953 71293 81915 37065 80748 7677 20202 28650 95799 13894 44379 6529 94379 35486 7114 37763 84234 46684 25564 69104 50866 93271 39160 6425 48262 81332 28273 35778 19273 50902 76038 66225 22195 74305 19641 2942 98333 39842 47944 94131 70087 92322 17011 80817 44160 24124 18580 28393 87160 60495 13848 54377 53766 53007 77154 18379 50690
21778 70508 69963 72679 46545 36187 11225 20849 72180 30519 35533 12021 78462 29664 98460 87135 46674 79276 47646 87150 14207 76039 90661 74702 89886 45037 44819 42893 38542 63197 93582 60319 33704 79896 49350 96600 16083 60574 33801 4614 91092 69333 16634 85905 98996 31445 89392 62022 10721 53389 49171 41279 29427 39831 32332 35665 84867 77150 94909 39761 56698 4842 79 6753 84738 49428 3353 17172 26354 53505 21785 33797 39189 54770 36054 38185 86215 41797 206 13287 95185 65728 54565 40964 5558 86897 76628 6776 80398 71536 46536 37096 76377 62967 43848 61114 12394 63552 94637 55099
17056 16421 88896 56245 71191 41301 10781 57405 83097 27338 87043 78281 93065 41607 19244 14974 44855 12223 21749 25253 83758 68285 78700 76487 31251 22547 53952 59996 86099 48589 31447 3154 81361 20342 75750 52551 61642 86530 26307 61090 30219 13349 39370 23283 71308 74966 38256 16162 87188 76357 57766 70946 60993 36465 63784 92243 75364 17735 68590 61462 82675 36 80967 64036 36729 73069 16586 14722 75950 59245 75811 6169 72593 15181 45803 43900 90146 411 60062 93685 76767 34179 64630 37759 86996 44765 46353 62359 62500 31294 40172 45174 31330 21138 25561 84410 10558 58499 99132 86508
17743 74942 92676 90335 6474 38478 34235 12971 38888 10648 6656 32006 61178 87637 69764 48173 32402 32468 10531 11253 63762 50702 72778 11443 88192 98339 95852 98749 56837 11335 1608 74579 2629 94283 64913 9102 49113 15499 22073 4352 42498 45080 36358 3676 32716 22473 51848 65117 54941 78731 76369 18702 45784 65499 30144 50327 63837 42347 65428 20673 53682 67035 11603 56310 77670 92867 81763 26782 8366 20187 47485 50863 65266 83842 70890 14334 6315 39090 95802 61255 17820 88523 96308 79955 54021 42803 30282 17857 85149 12061 54881 55182 95447 66483 27843 73116 59349 25958 16249 84066
46144 63734 51281 27762 47575 22170 42095 70241 61259 37896 31495 95430 26418 27802 75385 96790 70604 22018 14646 72105 50430 85878 43638 45876 52360 71481 35344 28061 13790 51592 12126 59933 31677 63406 87694 95604 85576 46140 65844 63186 388 97339 58616 43157 41492 50352 39947 28448 72369 54592 16904 39150 40470 60541 85025 9181 48373 20368 37241 62162 88312 65719 38447 19988 29124 42492 15591 31051 88632 97787 10589 5371 95125 69204 48527 52968 35907 88473 97767 24627 59417 14670 63776 16238 91563 48800 25418 56287 85520 79011 34801 90183 61081 73247 10170 6556 32090 42113 37607 20721
39899 64547 42443 51375 33750 90970 20694 69656 79442 18461 94282 55210 49482 74409 71447 57396 23208 13217 30035 25079 8579 64835 15261 69659 38081 41783 76214 70170 83895 30172 7243 40145 94718 49685 91519 44819 57006 28564 14474 36448 63376 25107 8009 29210 99515 79456 86605 39075 92672 32991 80505 17602 97825 95766 87260 52257 53900 63473 38779 37794 93645 62373 94290 88362 28409 2160 33181 85415 30723 64006 38214 94099 5465 46222 39660 21331 42029 42616 76757 34700 75607 57262 68653 73431 53027 55912 25688 6926 19385 64466 61071 29381 43190 71712 34094 71598 73871 83626 57012 4593
63984 95225 15043 69448 41447 54702 7130 83475 97318 83887 34527 72924 41148 3179 62706 10526 75443 4745 33803 11179 69210 11225 40559 28751 82936 91004 349 56806 74630 57360 77750 38613 52585 9145 24412 10383 80198 47893 10209 93867 31779 61087 83142 89278 80618 45848 16155 56060 50592 66309 67238 36154 77533 24148 64904 76820 15151 65252 49977 6132 22612 44079 61096 91548 53223 1859 18282 49772 49752 28490 43639 97882 5929 26780 3512 86546 88979 19666 42605 39571 85975 26194 92076 79859 50341 73331 73031 81843 38583 23007 87975 77546 83437 49070 85445 36659 50929 20078 2783 680
48567 46421 14913 70847 89552 18424 57392 78531 38090 16348 34453 40416 42541 26528 36626 9233 16210 9656 91076 71144 49015 79050 65041 32451 44471 50485 85462 95399 70562 88244 12430 35481 51016 27343 6327 40567 45766 80071 19097 207 96418 69901 56974 55311 12780 93600 64543 28990 19607 55618 133 84973 51019 65174 33776 95490 32010 19237 7240 18924 23832 19670 54404 74847 47012 77082 31765 92777 57152 67214 92984 53570 37114 49957 8880 49894 59908 89774 95235 95867 61744 95367 80839 29114 76892 30966 24603 8902 50202 48195 27825 90385 67864 98580 81583 14875 92013 13348 24003 49165
80561 16986 19086 17674 83295 44317 83919 59554 34090 79153 71772 12185 90872 52611 41299 67763 99928 82253 93016 66482 30447 37192 56866 98310 52123 38449 29536 44136 51796 53539 9652 48708 86876 28737 82733 86522 89405 66652 46076 39846 45804 17847 52031 53027 86809 9681 20790 86737 91933 30157 53218 38732 67349 26435 37041 19471 81235 82929 63606 49382 36467 89609 98089 39694 18345 80822 26216 7749 47473 88643 63947 9628 22841 15977 79007 26002 25657 99796 29090 33941 29952 82307 72672 13652 25093 26065 33123 6328 8993 13080 55709 45459 2689 53798 85152 37385 50971 27719 61486 14795
16361 25432 40774 39202 57760 19780 65203 99768 19575 94292 33708 65879 92950 6380 79530 34394 32444 29004 40721 57788 58436 12782 3246 77476 82931 4749 31212 33901 32468 92697 48695 65180 34480 89468 4381 92239 25600 85935 92006 61526 96578 42066 27404 5879 64797 23286 40273 97240 68641 80993 55027 43428 10126 74624 37255 93056 95724 68467 26956 44543 77515 92002 9723 11995 97822 30455 20585 23421 16390 28943 84946 29319 71008 28702 35198 52156 68339 75470 49395 36979 72814 20773 96759 82940 11748 34013 75995 23823 2479 19303 68366 79994 27656 78088 8340 25477 24894 45276 65249 57635
74218 66547 86954 61577 11600 22151 13732 79938 13972 79478 33268 86785 16602 30026 86076 44701 64039 78423 68524 82869 14077 36889 79214 41732 31328 87553 83561 56221 32829 65161 13856 23398 31707 17161 84975 43306 39311 15058 39595 69634 94536 72863 72770 27489 19240 58846 72190 99630 53620 40713 82499 67696 93953 61712 9427 25280 65617 9339 81500 14797 74500 11707 38194 22558 28867 39520 82216 84529 54578 21810 54162 65465 11024 43284 9305 30264 18481 81494 29893 72100 38558 28743 56147 32510 6807 81925 57789 72423 91264 55641 87219 65763 67347 41764 4672 12566 97636 86887 13446 68565
8697 83960 34029 36072 27243 43333 66335 45723 41179 12580 34174 79736 41322 90320 12246 48128 72244 86386 36902 79859 42026 40472 61973 25725 82236 66645 54642 79871 53531 68087 48435 78579 52046 98815 14651 79288 58499 97337 41362 99677 9916 75535 95765 67590 82206 8010 32069 70802 94395 68971 50660 52773 9442 12633 78497 8029 79277 33138 4251 49159 1224 69037 27738 69622 84203 58740 48909 59054 56076 6623 75082 82344 98509 70846 66285 80715 95207 98353 67868 89602 67323 18527 58726 93117 47511 37222 17497 26787 86711 38100 92298 4286 7136 36387 73907 7691 95126 39168 66744 67553
62142 41825 66248 60650 29023 32532 57716 24229 30885 41935 30182 14559 60462 88907 24027 7972 42480 41524 51111 29190 79623 43408 49828 3110 79794 40086 10800 91271 95605 93895 75175 74098 35720 41423 34748 81094 73954 8815 5322 21190 50750 35504 52101 27563 24410 76127 51886 66890 17650 2996 12431 13624 62755 78610 16734 58900 18696 43885 50170 30652 37780 25345 4750 89851 83119 55849 70944 73424 81015 76265 94614 48116 28120 63066 75678 52530 39192 27564 35771 56842 46911 48201 86817 9666 43163 3550 68565 78210 63787 35087 8861 17918 76783 29962 7768 59901 85810 95063 33324 83177
87679 44289 31292 15799 7354 23322 84680 62898 67237 20450 19739 14147 85002 22907 40164 28164 42809 8729 22725 6595 60167 31586 24512 36949 61547 48631 96849 63709 60045 46524 46885 47723 7165 94528 79873 30870 17849 64552 93767 85085 85001 29857 99232 86355 52764 55747 30870 95572 80827 53595 2166 40993 1532 43029 77941 79430 8011 91141 43138 68055 54017 6374 15777 61181 902 95650 92050 18750 76553 85817 20187 77906 15673 19418 64260 84788 75164 11481 80359 72343 65075 98876 13335 66606 41904 7628 46036 49914 98768 5525 34320 52784 11899 50097 30316 29152 62098 22366 64253 38650
24534 84439 16555 56558 20208 97166 41346 95372 8647 21704 67714 90073 36932 97400 73031 95187 5027 35418 61453 20147 40942 95772 89282 69192 62220 19598 98343 24317 58315 62596 79319 82848 63386 12225 55757 83594 25743 97102 95317 50741 35158 79382 40813 72089 76781 30195 67275 81808 65612 28727 18306 22906 24499 7587 92097 86718 27184 6792 27387 85498 85739 6705 84697 49124 35281 40454 32717 61023 53907 28033 11763 89064 7414 68928 61152 547 99122 44779 82354 64734 89857 17011 87639 14355 24597 96087 17425 51781 2878 61163 53630 88616 84219 38327 54092 19499 95132 86808 96874 49038
31193 8636 38102 38606 77563 15605 39152 93037 76735 37857 57770 66592 54867 45408 97298 79464 57846 31074 47596 60724 92236 1225 65691 76454 55903 19782 12305 51034 6590 9178 72 54134 34165 54525 92739 11728 86481 48243 4764 63216 2451 78885 29807 73670 40644 43456 69485 98489 74530 17080 59212 66765 34656 41255 43219 90559 61036 71875 41592 83977 81052 58015 38110 15216 12539 30849 43295 15372 95443 64410 78587 97893 43294 24745 87914 289 68200 57398 98778 42729 74477 74341 9494 9133 15595 69064 16043 76631 57290 73986 76959 38341 32001 15069 69908 60891 62269 13203 76262 57711
77612 71200 71955 37258 95944 59869 53898 64144 33618 52675 23224 8095 43368 49069 33579 58962 34484 65973 51944 91773 39958 28903 30113 88310 60323 16373 49201 22591 29575 41814 96653 23538 13014 84959 77147 8957 61179 31045 89452 94797 71 12676 19243 43438 78096 69173 18752 12580 35145 87047 20704 75102 32301 67169 63412 92623 83541 28964 15213 13115 70777 28217 53004 83790 13176 30151 9099 74354 77547 98550 69150 77617 27577 88392 21055 22025 57564 56158 34604 9060 43204 71659 514 75505 38827 63925 84479 22367 9240 16044 51833 80016 44260 4837 80158 57435 51339 89256 31789 28885
4157 17290 6501 48086 22034 43907 70110 95949 64 21065 5009 59620 92723 5522 51476 31550 85798 35954 70268 11389 51997 22101 91404 96257 43289 87913 70043 10979 77168 18183 39863 97677 35473 62715 45762 73858 22974 15871 69806 39389 36935 91166 99008 29657 13039 50483 77558 15188 86437 47826 26576 54785 69926 34332 67393 29566 22244 37436 40544 15764 55618 96758 13440 7442 59472 59201 81299 98797 91423 67457 38186 28357 58622 37193 74365 88013 87676 51923 3200 90464 16100 29776 45248 2377 64107 12641 31942 86350 66428 72485 2113 38397 85594 31904 45839 45065 91104 43489 43862 98878
27297 82047 43586 2271 35591 17951 90283 39618 86225 93482 30081 2324 23257 91681 4700 3715 20673 52993 90065 87100 41829 8529 25496 27422 40433 87686 88838 47888 47527 32699 63118 74823 31097 6703 93445 83040 24653 83727 22657 27229 77209 69090 29552 16817 77122 50603 20532 97794 3595 26948 1245 61775 51828 43092 89196 8612 30778 78034 72852 94656 27084 35969 69478 74533 42671 79275 57572 83676 63001 96580 10904 56561 65669 56808 89730 42790 7410 26613 56935 27357 69912 58179 89131 21739 1271 94679 46703 48400 89064 19554 43055 16147 71874 28884 7031 14544 8158 80954 98219 71159
77534 25475 44071 43202 82282 33800 2344 6043 60412 59278 33399 30323 17457 38882 68414 18727 49912 15116 83478 38975 34669 26532 71473 6542 55415 78504 37437 79925 59457 52008 51083 53342 77482 11505 96544 76115 45305 98887 82157 5716 74516 31908 52391 91972 87141 20804 27050 37052 35919 10527 92378 86939 37058 80202 93480 8825 58705 47268 88749 34514 99275 56183 87855 93108 67687 750 69222 29343 15988 51379 35059 90504 99638 87449 82475 86778 24604 25877 40181 60522 36403 48910 47460 89813 29111 57291 14989 4168 4558 20089 38681 3833 76271 42887 13292 60309 59989 82514 89652 75976
50244 41062 82831 49881 44862 81658 53010 69465 7534 9542 29986 60288 58451 93797 50100 87561 51087 81440 91728 71996 1528 46760 92180 94150 5999 5472 54459 65987 87985 60462 58314 54580 1523 41145 20812 62736 22802 73821 32200 30335 83362 78537 90622 41812 88685 57074 45724 39771 38513 37452 28118 40041 563 20298 50542 6561 25769 5000 88899 30105 65461 47213 84684 83335 4709 5495 46070 27510 95667 94621 74196 79028 73157 81169 37191 61841 54594 82914 17963 9459 36717 46081 65851 37280 66378 16392 60192 8498 21392 49091 38602 3204 12655 23285 2891 17363 45131 48960 61224 40797
43581 51771 36176 33089 32939 73366 94930 3885 72631 29244 13343 9348 75324 79193 62979 58053 95584 39522 66550 16975 88612 5151 36531 17618 44787 39421 51332 6269 4732 28907 47065 48312 80677 83240 81401 29968 72957 92682 33852 61940 21925 63546 71287 13601 42738 50617 71653 38321 90138 54555 71648 95102 76057 24530 29071 20844 63950 80403 27112 68681 25661 90529 33345 22690 90120 14745 52657 79429 23778 2860 41368 62054 66405 29006 75654 25494 79622 63659 63814 69759 34565 51813 81212 10621 76342 10283 31464 40291 7037 74928 25324 32697 81808 58668 55386 88279 89764 24394 67707 29893
43605 9074 91946 10009 38079 83952 35502 34052 63962 15668 20163 98526 67480 1374 9146 60174 28008 56962 464 35044 48241 42139 84093 30048 806 55830 18326 6921 80224 2385 36813 23828 11458 28759 50189 65889 12710 2042 99940 76671 34061 36454 91548 17893 37828 693 78066 82187 57654 94881 17231 22246 37020 17675 52293 37825 73504 86971 44746 53727 89355 97910 93907 17164 26668 60447 83052 55729 62488 99344 48751 12901 35797 40298 30793 89976 40991 8858 72163 14996 3738 5745 37242 40757 39771 5886 94934 13274 92856 56031 83353 98562 53940 77259 15726 96960 54057 15129 52688 32896
14472 17791 45796 66621 58088 76588 72948 15430 1797 45110 46778 5535 67206 84019 62643 6976 6256 57576 36602 15464 29958 19954 14025 83898 13564 46102 80857 67620 61231 49896 515 92054 67686 62663 58674 42126 55602 31622 57555 57399 93083 4332 62933 76641 4702 25575 99968 10958 99503 36569 42773 29460 56522 56797 29709 86437 19251 26917 54056 80481 93165 70923 88886 60850 49937 47560 19327 5538 95533 76882 62936 4967 97565 42220 81607 2267 84147 97927 29576 83649 34495 72348 29460 7369 45496 75521 10157 64746 2437 80565 61578 95601 67839 50464 72803 17775 14375 92129 23312 9907
85362 86248 31225 82927 44819 29184 85193 28965 27110 31120 28965 77956 3467 58425 1676 65314 33945 11833 30060 52733 92397 7989 64686 60235 74804 53840 78009 89178 45968 17672 15436 47682 20271 46661 30608 65090 92196 32152 94054 19305 63271 23019 97260 83089 97795 98936 48402 48091 27120 94813 17175 19516 2802 81860 96102 77605 35699 74110 83135 98019 91781 98570 45700 12052 61582 92659 93493 53777 24810 87546 89433 4432 26916 3045 87520 41062 18332 35921 5504 45451 47086 22679 81318 49887 4538 77419 43843 56589 51528 26977 70959 59660 41899 33010 88063 19832 25668 81555 89961 66829
85453 79393 71260 28720 82437 75131 69782 17120 27403 75285 62570 74488 14315 43887 40726 18853 21305 921 91793 89184 27897 62751 65196 86147 95760 53258 22331 37779 51165 28643 4607 52969 8035 92218 81688 6824 83700 67821 23943 11102 59458 2865 1942 73772 46751 42667 8976 84408 43587 768 73591 87836 79870 38786 90334 75629 8396 29016 13407 75912 57658 34365 45232 82045 26582 43271 5220 10281 11092 45514 37735 86901 48378 39676 77024 11481 98694 86000 95888 58633 3119 85830 62820 82989 40968 53153 74969 49363 82169 4728 41626 56178 39092 86857 38222 82026 30127 43441 8658 57570
88955 46392 60822 37332 2419 37846 48812 17465 40197 61051 76097 43315 46881 38916 42655 87848 8420 17624 53562 6940 38703 11539 63118 77794 98395 1339 76171 44873 61132 84829 18795 50086 47572 79616 3769 66343 17461 68933 83807 57657 29983 59903 17324 93215 15170 59978 81062 23589 93953 50975 30529 32655 62513 9998 26801 77259 11336 19323 22132 72467 20503 57278 38904 68075 36893 42673 34417 70706 11605 34575 44714 57939 94477 62037 51154 25998 38367 48567 49586 48671 15894 96466 97678 78406 22815 40830 72017 50503 60152 10500 39321 80655 67777 78225 65081 4669 20897 15849 91726 48853
50423 36440 6791 61251 14828 74296 87248 53194 22863 53185 18217 38756 66003 15894 33513 88817 56723 5529 55671 33226 16028 94992 13880 156 73216 95312 4825 10464 11160 96550 59316 77934 49341 82458 39184 64169 56754 42783 17362 95968 12320 51930 51075 94674 67823 84587 99842 24545 6468 55513 57771 22495 50504 88002 39003 23719 99666 43827 50534 10825 56728 9849 5111 6069 8658 60646 70237 81763 19781 3950 77730 32100 55880 28804 43125 40054 29743 42966 80951 36210 98478 55073 75056 65333 59426 14058 89051 59091 74236 39584 86268 30964 65784 91378 53384 90794 52023 39972 72556 71803
60273 66638 20254 32504 95441 63378 72558 25183 22696 53508 77744 37525 8580 52800 2858 68005 66857 8260 43448 41093 64196 29715 88408 29979 21092 58143 37124 89466 98114 9680 77621 58386 92669 14226 90890 88109 93956 79799 29644 16651 33306 23739 54175 58237 76538 57032 42593 59747 81644 86040 17191 45839 32106 21950 92169 53197 80092 29293 59015 78205 55324 36635 36590 47992 50860 43831 52452 44815 23629 98447 77817 73286 22186 31992 47874 15075 5375 90467 74821 3370 92858 8363 49208 24964 30312 41377 94512 10403 87021 53526 88607 42344 6512 41549 6687 57372 1731 59138 18538 25360
57585 96355 98645 96122 44698 46519 11196 66424 53337 2369 69794 62546 10731 19001 3861 41043 76729 14725 51445 63749 68250 56404 6092 74762 97952 29130 48485 99682 88268 67022 41393 62204 79728 56390 58325 24425 19260 85872 90849 88948 88240 60642 51493 98971 95994 71706 56365 72723 86430 7809 36471 54679 80564 58915 45792 94867 88044 94276 10901 92663 77650 52293 71218 57377 8682 45894 81802 44293 31766 89002 33240 36357 65995 1085 35327 61988 72790 91691 51062 59219 15852 3885 30249 96415 79151 76041 91282 67194 86668 2182 76209 80669 70826 47426 38046 95860 93320 36199 40152 41437
25200 73392 77793 7546 74476 13120 85885 47265 21162 36947 22835 53365 40831 53083 49780 19981 45475 57413 3526 48495 75946 96086 29163 46771 43512 83560 42630 53183 19758 82782 94619 61309 72525 72411 85206 47000 1882 71091 10616 39396 8037 33450 92760 65219 2884 58891 1551 48359 32655 5076 96853 8600 1162 42367 71723 61025 25927 30704 14207 62036 29837 8825 39697 2361 81235 24902 65712 99469 12344 76327 38864 20380 26128 31623 1950 29012 6866 3500 77370 39520 24928 90574 48120 42441 49292 19842 3465 75218 66897 34023 53606 96734 59199 9654 99094 56785 50907 64806 56253 63251
57484 95116 83630 83612 43091 1932 12623 49956 5431 6344 89475 46710 13269 53946 89150 62560 90139 8966 54130 57036 59340 24087 53769 18538 33740 52862 75323 84646 34019 31575 47896 91503 43043 47878 91466 86133 49809 4088 52440 71591 26783 58266 18301 40051 12212 23802 2610 2350 49120 73091 75737 8459 97177 29505 26997 30916 98719 18671 31914 49089 50245 79809 40591 9639 44038 32056 12123 10198 52495 64562 81789 79277 22828 16441 35679 51391 56594 54641 70092 5713 27731 45829 14172 24908 91685 57520 72175 6755 76190 4088 55844 42786 249 12786 68777 44286 61194 80899 70836 13688
61813 52624 9317 992 85416 44995 52382 42009 99635 38825 64074 27366 84653 94597 68625 92690 68468 40799 99444 44657 44887 55287 3794 61487 84425 88922 5772 45618 69821 76607 75657 47985 45582 84973 48976 47349 46320 17709 5710 62306 56533 69783 6023 57538 64379 74647 50227 49198 31798 49670 93854 76684 21309 13999 38170 22085 2921 60293 67702 89093 53252 43358 37077 15185 44683 2404 78886 91002 20112 84595 69659 76644 70729 75682 50533 51459 50328 759 656 82125 66781 10861 75160 4441 41211 29681 26525 44131 6326 94226 49575 75929 53935 3003 7465 98617 5406 86350 5970 25517
70944 75629 18513 58024 51310 69045 9482 17989 86156 10137 16466 52936 37349 7977 57376 78560 54010 252 39042 60335 94477 88617 36263 64763 91619 60079 79732 13377 46429 85701 38893 33724 77681 73757 91748 45342 59154 17581 63331 45309 27718 96148 14596 81418 4124 71971 59977 58133 88574 99019 34819 83050 87635 87433 64164 95605 47512 43895 8981 93940 29596 64226 27663 23628 54334 35762 68970 13487 53343 32300 75147 97412 44799 89742 78829 48922 78064 38806 23407 66637 37824 58225 66038 41810 62010 30202 53766 9521 74096 62747 19812 20043 43324 63826 43671 97657 99588 12640 11144 52930
61291 86290 66693 22441 92384 45521 71362 70447 678 11120 37084 54853 85697 3121 96662 47706 49674 66780 73578 23770 29526 93389 60164 89201 57214 3834 86857 73153 32825 14352 42434 10467 642 9126 32907 93025 70999 20621 79823 71676 31740 16906 26529 33788 36379 39542 97845 86052 6321 71422 26173 52198 81162 86337 41398 54728 6522 44607 44232 39347 58958 86666 66165 75951 12143 99072 85327 83141 19692 65150 54817 67783 98407 97697 17923 34785 37238 15767 37189 59911 3541 63361 28460 1054 49697 86210 55781 56219 30816 16365 11917 89773 3030 94433 65724 15172 93504 67402 98313 29547
32551 69481 13682 30958 83529 47956 82094 20766 63722 19282 97028 83614 82643 25488 84668 48691 11697 56800 21261 58864 73164 33177 48636 92545 43962 30711 24069 37465 98113 38733 83364 47015 8213 13397 94324 91741 61352 76418 28858 41425 95699 42238 25039 78341 84077 26058 43384 12125 99209 64644 70988 88725 14173 35975 81269 58134 83038 5337 11950 97502 44069 95313 44516 68633 8709 38840 76725 70060 31609 21935 11485 27307 80524 52875 22000 64600 78932 65383 76724 94492 46378 64063 83216 60550 37 80837 18683 99426 2525 30633 96927 46594 42297 57795 31578 67358 12986 24655 53769 44594
62941 81605 88252 43464 34479 26603 24415 29762 91985 17490 24254 38363 81552 23821 15264 97940 4657 33947 97366 7182 80931 94292 70127 23227 68438 18056 90584 81423 59062 44353 26016 22002 25957 30620 65465 76788 57222 6231 22901 65559 23720 63506 20273 5271 87327 35536 3211 8335 85834 16928 15516 66764 27571 1994 6343 96009 36402 13278 77431 95463 73982 19799 17465 16291 66770 99281 93078 23991 5512 15978 89549 29231 95836 9821 50854 83162 61709 70416 91496 47542 87343 23364 14306 14913 41709 37000 27273 78110 50277 21056 73573 24259 40854 91037 56901 23975 6669 49978 47965 12180
82307 37514 41411 78142 63686 92264 77655 25394 79031 85503 72936 66373 25218 3593 97637 66926 40592 24910 45036 7220 45965 34960 47830 3170 42348 4730 27144 49016 71059 75108 61196 69718 28973 18958 64211 9011 27573 58218 34404 6603 43720 23691 72975 68937 43635 70611 52214 578 11872 13601 7798 57836 48560 71979 61005 90907 76709 4500 39923 64119 79608 1118 33836 24932 36427 14399 33942 63999 72616 68346 70601 32687 8388 59927 1623 52023 46889 70188 52600 58761 83789 76749 32948 32348 48728 93953 39607 41788 98452 79529 5906 94411 96998 56094 19343 49776 86844 69636 13774 59459
54333 726 8497 62721 77004 10119 31095 23892 96658 83694 99004 80446 60443 31952 29146 25522 42256 68752 67309 40707 64632 89566 51470 77981 45659 87164 27756 48854 56799 41529 24664 11132 58606 33160 90204 35609 43278 21298 75852 56288 4991 91208 36733 81785 23159 65878 7306 65414 50981 74614 22472 15612 64180 90293 9944 26190 77456 37699 75044 50607 95579 16059 61738 54184 49219 68293 6144 8848 89590 98348 65135 10932 89555 1868 92717 29065 84097 16374 10830 51430 90988 33301 83393 71519 39946 93337 14060 33753 31035 5455 84359 26614 21514 62448 97149 70732 30740 19645 79579 36681
17992 44714 47613 23898 62933 56681 52962 63381 73054 63791 31162 80393 13443 14555 68263 53388 7891 82323 87141 55277 4129 71499 81890 25642 50299 95391 12725 81038 15035 8656 17719 33026 69721 81683 56923 32653 38363 26236 12385 11416 90026 43547 91809 19820 74453 76423 73208 82343 58745 76700 53971 62874 64550 52213 4867 14848 47603 33944 12238 78989 42599 46308 12014 12319 27990 85288 61323 66352 11523 73707 94119 17900 33605 2279 37719 8057 78702 27278 6751 37446 3977 60722 16671 68527 29286 37890 99726 76888 71833 11963 55876 14431 58270 84241 26749 2611 85880 4423 68962 13754
78129 63081 31653 28086 81711 85723 52494 60412 13001 59245 14210 33329 36318 47232 18207 65603 85121 17933 58842 56953 46247 31069 87735 20869 15309 30835 23479 1188 35257 92441 31293 29738 71873 62945 57823 53583 65019 10316 30347 78019 85912 44556 11348 38581 91787 29554 4183 76908 63838 79376 50212 10085 10444 54299 30953 42104 85133 54431 59643 36742 63223 90935 66479 51447 70231 40653 21382 35250 67320 51728 13268 69584 96283 24615 8164 4421 70521 28699 97680 34358 8074 47892 44442 34870 18542 91746 76973 20026 62529 36616 56767 25751 27550 39597 77198 97781 96601 14931 33030 63921
66658 62649 49856 62940 3616 58019 67360 74136 86717 65040 8493 11143 29283 69287 46012 64176 77384 22984 84201 39912 75951 40968 65663 3501 96916 59212 17633 93517 74142 50662 73789 57151 13310 23644 20090 16925 81662 3801 7412 84731 85192 32257 12225 30826 1543 58236 95001 95278 97571 79202 35190 73522 36521 17204 77022 33436 76415 11006 26952 66908 61667 740 24058 91328 40735 60499 24605 22397 80651 48368 23479 82195 80624 35703 29372 98518 10290 24373 93796 7860 19926 28985 81381 72798 46188 74754 6233 38954 85759 49537 22213 63777 66628 46270 71457 7363 23120 96061 46111 20122
