198
1560 -2
0 -2
0 0
1 0
1 1
65 1
65 0
66 0
66 1
67 1
67 0
131 0
131 1
195 1
195 0
196 0
196 1
197 1
197 0
261 0
261 1
262 1
262 0
326 0
326 1
390 1
390 0
391 0
391 1
392 1
392 0
456 0
456 1
520 1
520 0
521 0
521 1
585 1
585 0
586 0
586 1
587 1
587 0
651 0
651 1
652 1
652 0
716 0
716 1
780 1
780 0
781 0
781 1
845 1
845 0
846 0
846 1
847 1
847 0
911 0
911 1
975 1
975 0
976 0
976 1
977 1
977 0
1041 0
1041 1
1042 1
1042 0
1106 0
1106 1
1170 1
1170 0
1171 0
1171 1
1172 1
1172 0
1236 0
1236 1
1300 1
1300 0
1301 0
1301 1
1365 1
1365 0
1366 0
1366 1
1367 1
1367 0
1431 0
1431 1
1495 1
1495 0
1496 0
1496 1
1497 1
1497 0
1561 0
1561 1
1562 1
1562 0
1626 0
1626 1
1690 1
1690 0
1691 0
1691 1
1755 1
1755 0
1756 0
1756 1
1757 1
1757 0
1821 0
1821 1
1822 1
1822 0
1886 0
1886 1
1950 1
1950 0
1951 0
1951 1
1952 1
1952 0
2016 0
2016 1
2080 1
2080 0
2081 0
2081 1
2145 1
2145 0
2146 0
2146 1
2147 1
2147 0
2211 0
2211 1
2275 1
2275 0
2276 0
2276 1
2277 1
2277 0
2341 0
2341 1
2342 1
2342 0
2406 0
2406 1
2470 1
2470 0
2471 0
2471 1
2472 1
2472 0
2536 0
2536 1
2600 1
2600 0
2601 0
2601 1
2665 1
2665 0
2666 0
2666 1
2667 1
2667 0
2731 0
2731 1
2732 1
2732 0
2796 0
2796 1
2860 1
2860 0
2861 0
2861 1
2925 1
2925 0
2926 0
2926 1
2927 1
2927 0
2991 0
2991 1
3055 1
3055 0
3056 0
3056 1
3057 1
3057 0
3121 0
3121 -1
1560 -1
