50
13377374 131176230
14544920 859484422
16898538 608413785
13594325 734575199
18664371 149798316
4803527 129566414
4268981 412776092
9241874 911759957
2999171 137806863
15497282 982906997
4420926 511702306
7336328 937477085
19126506 572660337
12621730 805750847
13925858 100661314
4353896 141616125
1100546 939819583
8233368 998898815
5990365 610515435
313751 374344044
16426809 477171088
9947179 945117277
9393585 780695789
18502652 491705404
14612400 752392755
4095061 53999933
3993369 411549677
4210013 943947740
9698587 855636227
16297540 469348095
3480571 36140796
15960379 40651435
12066602 317097468
7612903 376710098
3570493 330573318
260757 687926653
5560281 959997302
13209442 402724287
14429690 194953866
7346620 364228445
10744730 221558441
13108118 63958032
7905772 114738098
2890676 469834482
11698928 610120710
18777857 631704568
4872354 255179498
12276966 327254587
3964684 269455307
28625 352406220
