2421 2428
2381 2176
940 869
580 2141
828 582
401 1048
1672 2169
1703 1321
2103 965
1630 2415
1890 1727
2091 1141
2417 881
902 846
2240 2357
1536 1069
1417 601
255 191
658 1926
1817 2193
1902 2128
1922 1439
1380 487
355 400
272 493
2091 836
369 1305
477 1525
2307 187
1568 1944
68 340
2057 1656
1761 417
1403 2299
101 528
874 878
2396 1124
1275 1269
2230 1124
982 1596
339 288
2046 2282
1619 451
1991 1302
727 103
1288 77
1614 399
25 888
302 2310
2089 1578
1167 2327
1259 845
2166 1431
1286 1065
1798 2335
1784 1312
2052 1869
606 1179
1000 1821
1241 1748
1501 1416
1993 141
1387 813
1351 1345
2377 2133
2068 548
1606 1999
1646 2285
1109 335
492 1018
2160 101
1745 669
344 2375
402 630
300 1785
2140 750
2391 1776
1161 2033
2244 1726
504 164
944 1988
549 1237
2322 1130
2181 24
2237 2356
1597 1132
1057 318
1511 1209
1294 1495
881 651
1139 383
595 792
1211 1051
1129 636
1393 1044
1998 2234
1952 2054
171 2168
2008 2268
748 277
1061 771
533 536
2110 2180
1108 1060
1402 141
743 678
1369 2289
241 163
725 2415
1116 484
2025 51
1586 1839
1661 1677
495 523
1130 1347
1565 1537
2107 1961
1221 2033
569 2398
2388 2298
1097 728
1259 2292
2399 337
391 386
689 1930
1459 134
2352 1394
1379 1385
459 1728
1644 1730
1410 2307
2348 964
363 730
2213 844
945 1858
1711 1436
1558 1181
1703 1012
434 474
1351 1630
1999 158
1269 1396
1072 1330
2284 462
1535 955
1514 1409
779 65
1288 1694
435 462
1757 222
2245 340
315 1197
8 1967
1314 960
1878 1785
28 571
1979 2158
993 1454
2328 1740
2089 2353
722 1353
111 1964
841 1615
256 1361
1206 1532
2124 2103
184 175
913 1080
1695 24
374 265
1125 40
2078 956
158 2399
1707 249
552 2224
1900 509
755 2204
1162 24
2192 611
1508 1200
1881 1322
2182 1885
886 876
1235 798
2344 1728
2129 187
777 1022
227 202
809 1793
586 1936
1062 806
433 1909
586 637
949 1090
1900 610
1277 1188
969 1142
1407 709
1442 1100
1612 207
458 2208
1225 1431
1329 1367
405 2094
1297 991
50 2375
1024 1255
1397 1268
1465 2292
1031 43
751 2190
873 704
1583 820
1723 849
1320 67
471 192
1503 1795
961 1921
441 963
2120 2096
1486 66
1200 104
1666 336
161 866
773 882
1440 1630
169 1363
875 386
2184 1134
1917 820
1768 1625
518 571
113 2388
218 412
797 888
1744 2351
1492 372
2250 392
488 1760
897 1551
1301 925
706 322
2061 1308
2023 321
118 1617
1061 1055
2141 445
1643 1589
34 1393
2128 1889
1611 1277
17 1543
1767 1247
736 2419
1163 2273
1562 424
968 1517
1559 1002
1208 1488
286 1481
1899 1664
1362 807
1645 840
2032 1752
533 1964
2158 720
546 1957
2144 2361
2126 2237
157 1420
108 1977
1401 1122
783 547
146 1577
601 2194
2403 222
1854 2315
1800 71
924 848
676 1674
1342 609
1444 1157
1341 26
1084 356
2236 717
1482 642
1962 331
801 859
1074 1630
870 348
1696 795
1907 710
1256 2157
1935 1718
276 930
510 2285
871 638
447 76
1160 1887
1697 2049
1653 2336
512 1758
2043 1218
1329 1863
84 782
280 1088
948 1490
1659 1660
1815 261
2261 2268
1390 1431
48 2271
72 577
991 1967
1956 1003
2413 1375
2268 376
214 935
1562 964
1168 605
1287 1430
958 729
120 94
2086 1408
756 350
703 2141
15 2136
1177 687
2072 1385
1104 2411
393 2097
1712 486
1447 378
1632 1433
1941 313
1950 1487
1027 928
124 2401
303 976
379 1785
1733 1161
1117 640
906 607
449 892
1993 1290
1867 1454
827 738
1367 1348
406 2334
1155 1813
933 1422
2247 701
2395 1184
2316 1585
396 1098
1869 2302
420 761
2220 2385
1278 2232
1054 1232
765 2383
1952 1579
2002 1370
701 1281
351 1553
1068 1337
2005 984
1576 1936
737 2309
1512 484
1201 797
120 428
1148 1649
1214 123
1469 972
1904 253
1563 936
2027 243
1695 26
223 1959
1082 1312
1519 2201
435 1832
2309 124
2308 1495
965 2360
663 1348
57 1518
1405 151
467 1933
2086 86
1916 2401
15 1845
438 311
351 2232
1848 685
1656 608
780 1933
895 1679
1 1258
1637 1035
2051 818
1398 1622
1888 668
914 542
2385 768
2241 2174
2023 664
2218 2116
292 667
2113 2356
396 1100
1537 889
964 319
1177 1196
1708 2287
2058 1991
2381 1291
12 331
1445 385
1903 987
863 1905
648 449
279 449
1247 1329
286 81
1419 512
96 1498
1342 1048
1461 941
1876 1573
532 479
361 1134
176 1049
2416 2142
30 267
1159 229
1763 2244
1849 708
2044 2283
1535 1667
1178 1097
865 1285
163 510
350 1199
2294 1126
1712 597
2288 650
156 2139
507 695
130 180
2305 1392
379 212
1803 352
283 468
1001 337
1341 149
1003 2419
33 1925
64 1726
389 2327
197 170
596 1589
1032 1268
1262 2374
1898 1729
3 990
471 952
194 1031
1171 533
983 296
162 376
341 796
2104 2235
413 1492
78 2264
1809 1664
1775 847
921 152
871 2289
40 1995
1199 1394
1966 387
1514 728
1112 1151
2399 504
2109 681
2271 455
1651 583
1786 1712
1013 1056
995 1093
1154 1273
1050 947
1046 286
804 2147
1506 1217
2333 468
1250 1171
2408 709
121 56
1774 1315
247 1801
2405 2287
1227 1270
596 2010
939 1096
635 813
2359 1930
2000 1907
984 151
1672 1739
2130 1691
1699 800
1601 1715
1399 845
2242 741
1927 271
370 2291
765 1813
1827 1298
536 207
2209 2085
1392 2030
929 144
453 66
1859 75
339 2166
672 804
1435 1097
1326 1579
933 1670
1742 2334
38 302
1116 602
343 1122
744 639
2079 1668
177 2075
427 253
2155 2097
1405 395
1985 2194
1449 2127
1216 2253
348 1919
1768 1556
213 709
1935 2016
186 761
1987 1806
906 252
1624 252
1505 2333
1939 2226
1224 2268
322 488
700 2380
857 1367
1978 2223
1052 1757
744 1579
1962 457
823 2387
793 2149
522 726
2064 299
1709 2414
1600 1964
284 1662
233 390
157 1989
410 711
1629 1660
2018 148
1728 1106
8 1736
1356 2053
1997 720
1382 1130
216 717
1641 315
2074 282
2140 2115
1029 1924
497 1681
211 1664
1010 73
369 1220
436 139
1755 1049
2290 1491
1420 524
270 1794
2019 643
2270 613
56 178
2246 621
166 1726
1616 987
1943 957
1314 1389
320 1488
44 1176
2162 630
2027 1298
113 261
1073 1539
2119 489
822 1220
897 1673
1160 2123
2132 1409
1862 2073
312 1654
927 1630
541 2329
1487 1555
653 1238
1522 2121
860 390
1173 2233
1305 164
724 813
2064 107
2273 502
2181 1483
1139 720
1516 1999
1322 103
295 1487
2154 519
1949 88
83 1953
308 2174
675 449
28 128
1852 84
1267 2035
2378 2255
110 2355
691 503
14 343
407 1908
2238 1995
1315 1013
44 1116
1821 956
994 744
1865 1307
1680 1360
171 1815
2050 1159
745 1377
229 806
2324 1428
1683 1938
317 1271
862 719
1229 541
516 189
1244 2075
1435 116
499 1971
1537 2310
1274 2119
1029 485
1369 221
174 1690
626 1514
1423 2268
931 206
1038 1774
55 565
2013 2081
204 1106
2361 2181
1671 1190
913 1342
1114 1348
1550 1945
1381 1552
1335 1438
777 1610
58 132
1780 1536
1793 1538
559 1474
2015 1027
1530 2173
33 1939
1388 1875
1838 503
1113 675
1835 2260
1318 2363
2015 1587
1464 1302
1895 633
10 612
1027 1630
1476 606
1264 167
1916 273
1359 372
1323 1394
1007 1869
396 1294
408 651
2145 2311
1660 842
237 1901
1758 1853
1759 715
936 535
601 1682
369 1421
277 1573
790 249
1231 1734
1424 1034
1480 1568
851 1569
2040 821
1026 30
1193 1704
1284 32
1974 605
809 136
1424 910
87 640
920 436
464 2103
816 912
1541 1805
1203 584
1333 1909
1347 1847
58 1493
1949 187
1303 979
2372 531
1165 1591
893 1801
1422 1944
1531 998
1336 2204
1182 655
1063 1465
358 2149
2342 1891
471 968
688 307
138 678
833 1873
2228 1971
1588 1808
2030 834
1975 62
240 1604
257 1039
2231 2327
1112 676
1212 2244
1850 1093
2317 340
291 745
2105 377
669 1211
1156 1134
1666 1860
228 949
793 1236
2404 836
472 1093
1774 1011
135 737
347 297
1845 523
182 939
588 1343
9 1059
1638 521
1542 1867
1725 2113
1475 1136
1722 599
2002 1599
53 526
1411 36
384 1278
1120 1544
480 2127
1724 1660
1929 1903
31 1671
2202 1504
1985 2036
1343 1595
1816 2195
2015 1366
2245 1684
2035 850
213 11
1768 83
2250 1292
2340 1440
1031 1585
1353 1789
388 1121
1728 1779
1036 1533
2113 1525
2059 1417
1528 547
1861 147
264 630
1692 934
590 1807
215 466
656 2331
1928 1015
924 810
1206 2411
689 220
680 1054
277 903
1691 1060
453 2331
1397 2355
1572 489
2277 1867
1033 2197
1222 795
1693 1157
1002 1421
1729 222
2098 1883
677 692
791 928
1594 2264
510 313
1331 739
1437 1171
242 2355
2101 2283
1705 1772
312 952
2188 1135
1281 1273
1652 1438
238 1001
375 1905
1584 2285
1920 2125
830 890
2071 829
296 352
1526 1142
1846 1222
1309 2382
334 393
2036 2272
1298 1987
170 832
1932 1590
666 765
1324 1290
718 1503
1686 438
2304 1833
2362 406
333 1989
1201 234
1319 1446
2021 571
945 1663
2405 595
137 1914
1966 1901
1405 104
398 1981
1820 23
107 1278
2043 350
1443 1531
2363 1394
843 339
1067 818
1182 1844
219 767
1873 2356
979 1394
187 1758
1280 909
1720 1585
2093 667
2206 516
1435 704
1750 419
2295 1269
2386 766
1850 1083
1379 460
114 102
209 1240
1744 1477
380 2227
360 1554
1905 2415
919 1258
2356 659
1771 1217
150 1113
591 1021
195 2078
122 2338
1559 2001
1689 519
1971 2176
1690 1186
2375 1593
1826 1501
999 436
1560 1845
1123 746
100 1451
905 1313
2139 963
133 1700
1958 1344
1150 1071
1631 2211
1954 2110
1788 1367
1762 1432
2061 618
2383 1754
2265 1894
2157 899
2159 1213
117 1647
497 2067
1260 971
2402 335
1332 2184
674 1810
693 1431
847 1780
1239 1525
2105 231
1973 2258
1834 489
533 1101
414 1397
2031 102
709 843
1731 183
1606 1197
731 536
694 2331
2274 1006
1567 2129
35 543
2042 761
2320 304
231 1635
127 116
1732 2296
1128 1148
1723 1885
167 1983
988 639
784 229
633 421
1199 1735
172 2089
1256 765
1168 1634
1018 538
386 606
1263 1795
2082 861
509 392
147 720
1650 1211
141 774
752 97
969 2170
294 1097
2193 1727
762 2235
1470 1349
617 902
2092 842
1872 790
1447 1458
140 782
2111 510
2213 320
634 236
810 2114
935 1856
1299 1933
1152 234
803 887
381 254
1970 1434
813 1302
979 1593
747 1844
717 818
2135 6
2076 2088
1753 343
1645 1502
2223 678
745 2415
160 2095
1572 1726
1794 2334
1086 2021
1669 1431
2313 793
1885 449
2196 2102
1195 106
1890 802
1233 1651
1258 1174
699 1064
1748 24
2282 1051
2217 558
1668 1986
47 46
2030 1455
948 1696
1566 1630
904 744
940 710
1132 2114
1811 2258
568 2395
1202 2095
348 328
174 1746
442 79
685 2166
838 1600
1103 2001
1984 192
949 607
498 1688
1008 710
1191 1871
2131 1721
1564 2249
2227 81
973 1557
2118 1468
895 90
365 1294
1642 1549
683 2063
2171 2321
266 1773
939 1416
1736 1304
1340 362
1697 905
800 1748
265 38
18 1306
1478 1646
2062 2034
1968 1385
274 1176
1703 1884
2350 462
1373 593
1374 1475
555 1145
564 1860
806 1630
2206 159
908 1413
517 1474
269 1504
391 305
1246 315
74 656
1129 1083
2295 1836
1168 1835
1986 1084
913 1214
359 1385
449 1021
993 2398
814 1341
553 713
2265 1466
1175 248
1812 1083
1566 1427
1079 1121
2108 795
2400 2185
1558 162
706 1119
2333 1936
1485 217
173 94
1431 335
721 2149
2109 2332
1910 1711
422 1825
425 835
2369 928
1418 2308
398 2400
854 1032
1180 678
881 2125
1117 2321
1245 2343
2400 1761
1039 1754
298 397
1122 2355
521 1972
208 2134
1330 2361
421 2401
1187 1061
376 74
2049 1682
367 963
1778 1923
156 1286
1459 2221
1842 2132
1229 1947
70 2331
2356 720
1588 568
1651 961
1117 2041
633 1452
1985 1081
94 3
544 2076
167 2189
950 1220
1009 1261
80 667
657 1492
2350 660
29 1973
1893 363
2139 823
1203 1277
1850 1870
645 1065
332 410
628 266
942 2414
577 1116
1472 1380
2256 243
206 2275
1701 1578
1036 354
860 1722
1465 531
2413 285
1044 723
1912 494
590 1083
2022 2385
2183 2287
1079 1043
2328 2123
2342 1013
1627 594
1713 678
366 1027
2399 1591
2333 1673
715 1669
1572 556
1449 795
990 1871
2350 1892
2405 2015
142 198
856 2
1920 1075
2225 537
1460 846
1773 1984
453 2099
759 244
310 2048
1547 474
1091 582
625 446
1575 197
165 1740
951 857
394 719
1015 1157
1747 1175
961 2361
986 291
926 714
323 176
2347 1135
1615 74
260 1396
1476 1868
702 1884
1432 1663
2080 807
1581 2107
1252 611
554 508
379 541
2151 1638
1063 1088
1570 356
1760 578
82 946
735 2175
2060 671
1897 1483
673 37
1302 1365
2269 2264
1092 1373
99 767
1548 826
2010 2166
980 746
911 1459
897 188
2039 1734
885 695
962 998
1829 2217
1749 2268
1524 1931
987 1385
2137 1265
2233 425
1517 1166
705 1749
1604 1239
45 856
1207 1304
1658 2255
1911 1428
104 992
1680 173
861 879
2065 2053
2024 1051
762 2407
1061 1372
2219 1544
1705 1582
450 835
1610 715
205 1662
2406 1126
1843 597
2045 1741
1344 571
329 1415
2341 1039
1473 17
555 71
1361 425
1107 349
1368 1825
716 1761
1904 1515
1622 230
103 671
369 1269
244 1121
1991 1977
1499 1482
1030 311
1764 453
91 2251
1354 1620
1214 2038
1719 325
1955 414
1077 1591
915 656
1770 2061
2355 1438
1041 659
1887 1961
1294 1573
562 94
1001 145
742 776
1124 1078
1019 437
1804 2351
1961 1385
2222 1646
1955 775
1240 1421
539 1305
2390 1618
878 2116
318 1578
2301 1048
1965 934
263 509
543 879
155 1443
1870 527
650 1144
2318 1991
1988 2369
1447 119
518 815
1693 1231
399 2149
750 1355
827 424
2193 2243
2100 1634
169 1897
1053 833
975 891
1174 1995
418 797
1473 1467
523 248
1874 947
2201 934
627 1721
2257 685
405 2148
1488 2356
616 2100
585 632
1070 2115
455 2199
2248 79
1350 1612
1045 2277
1937 629
2329 818
1962 2403
819 937
501 668
392 1933
1792 1964
1028 364
2129 474
1248 2260
2069 2275
1357 432
179 1725
2389 2407
732 1128
1579 1378
1469 1027
1177 892
667 164
2275 694
298 582
1536 2393
2087 526
1425 1113
385 1579
614 636
144 2187
2376 1886
1879 746
1485 2401
1580 1321
1025 766
662 2216
202 123
5 422
1367 1905
278 1989
342 446
2082 1615
1398 2037
1613 24
1293 16
1522 1280
504 928
452 831
185 2103
287 2274
286 558
1325 2281
1016 2299
2117 2181
58 1014
2013 1432
629 609
1982 2038
1161 802
769 1317
1523 1524
2264 2300
362 2191
1828 792
644 1224
914 1545
1744 83
430 717
1023 2363
1598 2418
1960 1936
923 1711
277 820
2365 2240
1316 1400
2176 1385
2009 561
245 261
657 1215
2286 2255
1710 376
463 349
1124 180
1337 602
371 856
1308 811
1461 782
563 2412
1650 1085
1802 617
1895 1105
1680 95
1403 1655
566 1045
2394 344
1135 2369
2266 1678
181 1318
314 852
1994 1771
529 2387
838 2028
682 448
1971 670
573 1986
1546 1094
1127 1415
1556 686
1358 42
1522 327
1813 335
1714 2080
513 188
351 2325
39 1342
1668 264
664 376
1726 2249
28 218
561 260
1297 1186
2153 659
1511 548
1524 2409
1880 303
2083 2124
426 2087
1625 1183
1799 1819
1848 2297
459 1283
2169 2283
131 796
1433 2254
2316 1429
567 1157
2193 597
99 824
1311 2317
819 176
456 1780
1969 7
1618 1154
1166 207
1727 691
1413 526
805 1486
540 2302
2306 910
2149 226
1799 67
1494 1067
521 2307
2186 2387
196 1794
41 109
262 1610
2264 1688
1965 309
1039 1006
1535 2262
536 1635
774 125
1370 575
2096 1488
2421 1535
910 2156
1251 939
2216 2066
341 231
1386 1010
698 2363
2065 21
2370 1413
2003 1325
1260 930
1776 694
144 1082
2047 982
1469 2259
235 458
1980 1645
466 443
1653 1663
1373 1377
615 2300
2062 1587
1472 711
1963 389
1671 1529
357 1021
1781 876
851 385
486 157
2066 731
1633 43
522 1958
2017 992
199 470
1579 2282
1203 545
1146 733
47 1525
2326 520
1518 1377
1709 1242
92 2031
2164 150
307 536
1691 2287
363 1792
268 2235
667 2174
2150 1192
880 1150
1905 1167
2239 1462
1287 2142
62 2097
2367 76
641 1851
1327 1918
1719 731
466 1159
867 1952
436 1635
408 2048
1857 1965
2029 908
2073 176
1346 1001
194 2358
500 1348
956 2250
908 1391
1623 1801
1315 79
2393 1463
125 602
1667 1765
1219 835
2212 1072
492 2386
835 981
1888 1229
1621 2263
1426 804
434 316
290 125
1911 1136
2418 192
1550 1675
2220 1851
659 2366
714 1754
2226 1420
2147 1925
550 356
941 1841
1648 2177
423 1155
760 293
2041 2088
818 2249
404 1342
1540 1978
1918 2010
1118 1238
122 1687
925 519
2284 578
1384 393
326 628
1743 1190
1656 643
2345 557
673 1306
2092 425
1466 1438
1676 845
763 1730
980 33
1479 1416
2197 1730
1172 111
846 646
2272 654
1047 590
2312 60
1599 2371
2356 1813
1156 1635
373 1748
1279 825
1412 462
1140 768
768 1669
2198 1188
2012 1497
1896 1931
1013 1612
2207 1989
2163 1383
461 1423
1404 278
1943 1742
773 1751
765 178
2392 1959
353 2024
1334 1525
877 1510
1579 2278
1824 333
2415 656
2219 2179
576 1002
2007 199
2070 1040
167 963
684 1743
2340 258
229 1005
1457 1540
248 2356
1300 2243
803 783
12 970
2357 510
388 491
330 1664
1711 1027
916 1257
1854 1794
1099 1180
1434 1132
2066 42
2379 1351
2420 446
1765 1714
13 769
203 502
1294 977
52 916
1610 2420
876 990
2173 1190
679 493
2349 1653
154 1727
242 61
1060 901
652 1849
1880 1017
201 955
1906 76
2205 972
1094 1186
1371 1295
798 2353
707 1989
1513 768
2229 2017
2040 2292
45 49
1334 754
202 2314
1465 1721
482 1472
184 2173
490 1364
799 1060
1945 852
1641 1102
6 2223
772 1650
1371 598
1795 917
143 1417
133 461
494 1713
9 1945
1111 1971
868 1949
963 712
1253 1309
494 535
1527 187
1528 1322
2161 1995
1837 1166
530 1420
224 2260
393 1466
579 1268
1266 1430
1737 1325
2403 1813
2339 858
47 1951
1060 1868
433 2321
2070 982
1339 810
1494 528
643 981
85 1157
126 2241
1986 1844
1448 2339
2195 2158
2224 1761
1585 2263
2003 1766
1806 2127
959 1972
2106 1749
368 1795
2227 1549
1036 1748
1795 859
757 2044
1424 2037
499 1822
502 2238
959 907
1290 850
1058 911
2172 682
1943 1037
2388 651
1661 826
1924 768
596 587
140 1051
1282 345
2112 880
922 1
301 1830
1137 1931
729 1794
635 1076
469 1174
1033 156
1279 1936
1716 45
1230 2175
509 713
13 589
753 972
280 1561
1212 1355
1170 1291
1198 1011
1016 308
1831 1032
946 1302
1989 2356
795 2399
1636 536
2050 1940
722 147
1944 917
853 2098
723 1231
2404 1539
2128 2176
370 1707
858 1806
2274 2194
163 2234
7 1885
682 689
1855 1414
797 1156
115 336
1448 36
696 496
2102 778
613 584
847 2354
895 846
1534 828
520 963
244 1600
2395 683
1756 1432
1733 2323
1334 1312
444 1782
966 2298
476 214
788 2312
1509 246
1449 2116
193 1423
128 1871
1328 1136
2146 746
1206 1897
1738 105
1866 1085
1228 361
68 2156
1960 2167
2138 832
2406 2413
604 2095
866 23
1201 1439
2072 1021
1314 1790
267 129
1487 1860
2152 1976
1653 20
1310 1670
1934 15
1669 2331
51 2181
778 1166
235 49
1961 478
69 242
137 1781
1001 610
317 2400
2199 1082
56 2221
1040 1343
2279 826
609 2031
2053 678
1289 206
1864 1623
837 1877
1125 758
2170 302
2384 1549
1205 319
1736 2226
1369 1780
1484 160
1884 2178
282 1141
415 504
269 192
1698 1506
153 1106
619 1964
348 1414
734 611
23 920
563 2176
2283 711
2230 766
1185 1684
1640 20
1496 2014
622 797
2110 21
1876 560
2118 1907
183 1304
656 207
1071 1615
824 1302
1231 602
1860 659
2397 713
1899 1039
2035 1647
771 2313
698 1595
935 1453
1619 1665
1892 1209
534 1536
1620 1495
914 1910
603 1648
649 816
1741 425
526 63
568 2410
2215 466
1376 2420
1042 663
41 281
883 1049
1911 2178
1204 552
493 1273
352 24
760 816
735 422
894 1397
1637 1334
2261 1908
416 920
210 630
1884 731
1136 1990
1451 953
1252 1567
839 1582
855 2327
1083 412
2013 525
631 753
852 335
2145 2191
2419 335
32 806
514 1587
1596 2331
1554 2191
2209 690
954 2251
1164 2375
54 2340
91 1051
1383 2302
2312 1010
463 1882
1801 1758
1816 1706
1355 1395
541 1853
2095 2360
623 642
1133 767
1331 646
519 1813
647 369
1514 27
1830 1544
1885 1730
631 1302
967 2253
1980 2301
1648 651
2258 1337
808 1497
10 2311
2177 111
1289 1592
1797 735
1393 19
770 2093
103 859
934 1867
2014 1789
693 24
1190 1761
148 1646
1796 1871
1575 2414
364 2166
285 1305
106 339
1287 409
105 1786
1296 948
1776 1049
617 1715
1859 2303
2301 882
2200 2404
1158 2265
996 1434
1238 1635
1791 2333
1479 781
405 1887
997 485
2332 888
2282 436
2204 1312
715 2238
1880 10
1575 2214
1617 87
978 977
2364 1041
345 858
346 2349
1524 2318
107 112
638 2125
891 1331
1886 2415
351 173
958 311
1674 2008
381 506
190 1301
967 2330
2290 431
1406 507
1015 575
1750 490
1781 2260
1521 2030
381 1500
439 146
1092 582
1169 2158
1499 1244
1765 591
570 1965
787 833
773 794
470 1071
281 1044
1717 2292
2304 959
1066 712
505 740
1423 49
338 981
1443 2016
425 1209
1874 1853
2011 1270
166 1115
328 2072
634 716
1552 1489
122 1818
697 1609
2404 1693
1958 1213
2395 731
1232 835
1446 811
1882 1649
884 2251
1474 2178
789 1793
1783 2259
297 833
953 2260
2020 674
1511 1577
2281 536
481 424
626 2377
465 1481
1877 451
282 421
1095 909
769 71
437 27
1777 2407
1510 651
922 2380
1543 438
2214 702
2026 2048
2330 406
1138 2275
259 2251
2006 2234
649 1968
102 711
412 335
785 831
1449 16
2311 1209
352 1923
1919 220
2416 200
1806 1957
1948 1365
764 358
2181 180
1210 529
1555 558
2210 1368
2085 2001
412 1273
2219 2223
1287 259
1646 2031
390 946
1276 929
37 822
607 1454
219 1087
1254 985
793 382
779 965
2290 1749
289 1599
1605 979
199 1996
934 1106
2006 251
892 693
1926 939
227 1462
908 812
2401 508
845 1167
214 624
387 695
1798 525
505 1145
1586 144
572 2399
1782 1392
2143 1434
54 592
524 1349
1064 944
2211 97
677 1463
1805 1247
1639 2301
1110 1044
2311 1882
232 239
710 2005
98 79
2197 1590
978 2252
2084 1459
2030 1587
1106 191
1254 2079
565 1408
678 147
192 1225
440 125
302 1155
1772 735
1327 1626
1814 1595
1904 499
697 1303
1357 360
1299 1450
1463 328
939 1338
1387 473
93 951
708 2274
1216 225
2267 2250
267 1469
2181 2114
551 46
1953 1454
2055 842
969 400
1506 1871
1285 207
672 1272
1856 406
452 655
2096 786
1408 1752
600 1660
2280 1307
940 1685
1352 1921
1769 270
1400 2184
467 511
304 641
1249 2127
2382 1431
67 1781
1739 1234
1942 646
2114 909
2046 1462
793 1027
717 811
615 1441
205 685
1471 1363
2103 813
1458 178
2279 1068
394 1840
1365 720
1787 2292
1847 1213
1226 1213
537 2049
741 2187
2141 1843
665 99
2004 1126
674 890
661 1615
1322 1520
208 2097
79 749
728 1199
1030 2056
51 1456
1243 2064
1147 1258
2042 1977
1570 1608
1173 921
2345 208
36 938
324 1726
989 139
271 503
1911 2374
177 478
1688 2166
2122 687
1985 1992
1509 1168
2166 1663
63 694
933 2165
719 220
1649 2184
663 2071
381 514
429 1887
1029 1571
73 111
1772 917
872 1807
518 1790
516 2347
2302 2281
1189 305
817 1132
1946 1941
1628 622
1009 1197
198 920
1020 1076
1657 532
483 1954
1557 1056
475 2333
555 857
2011 568
454 264
1335 2373
916 2144
1223 1414
250 943
1475 998
2137 2255
239 2198
2012 1164
620 282
1762 1415
752 1839
896 718
1153 406
277 1517
1489 1190
1359 1964
168 1734
795 318
1004 1758
138 2319
632 362
1883 2391
581 2111
818 1157
2203 1663
1388 1704
356 1113
1633 353
2137 148
1014 766
855 403
964 944
1766 971
275 2113
520 1507
1793 1305
298 1602
1498 1514
237 902
1993 974
621 692
1795 1021
640 820
900 670
2334 1596
864 2124
4 1813
1678 294
1761 1649
637 1945
1810 1211
335 2387
1607 1534
1752 1085
515 176
496 1759
1823 2266
2343 360
2337 947
2213 59
1717 2368
411 1472
902 1400
1583 1865
1194 1456
106 898
332 1699
22 270
1959 2334
1938 1749
1024 1923
2296 686
992 536
23 1574
1479 71
943 1890
1681 2334
532 1134
1149 1932
1603 178
1627 724
608 249
2144 932
973 2276
913 2346
15 1687
1143 2050
2077 1578
419 324
306 640
1915 144
163 1702
262 1704
2303 892
1089 2158
598 693
1237 328
1913 2227
191 892
1394 449
2254 1924
2156 1759
2386 447
574 936
2150 2333
1976 2300
1157 412
1131 287
1688 1665
599 2055
89 1130
1432 1277
1267 751
762 2238
1268 1394
1694 1154
725 711
733 2307
918 575
1921 776
2051 2090
2293 1539
2394 1144
1335
2373
564
734
954
1314
960
1389
1066
1994
1461
941
1841
1826
572
1030
2056
346
839
186
1426
1701
142
1000
1563
1418
1547
1755
707
1473
1467
1769
966
1565
1139
1386
383
1621
780
31
2068
988
945
1858
1583
1865
2280
1307
1864
2247
2192
1233
2118
483
1468
12
1127
970
1692
2316
1429
896
1898
994
1861
1384
201
1103
1288
1879
2209
690
77
2104
760
293
1187
1266
1505
2295
1836
1251
1118
1942
770
171
2168
2026
1937
96
181
2057
999
426
1267
751
2190
883
427
1745
122
2338
1818
209
1221
1627
594
1095
742
573
585
2359
338
2367
35
2416
200
2215
1537
889
1756
1379
232
1733
1753
2323
460
1720
1837
562
2206
159
115
1029
997
1571
485
1193
1913
1628
1501
1763
1131
1661
1677
2236
1163
2304
1833
596
587
1643
1589
72
440
2070
566
1705
1582
1040
501
198
235
458
2208
2364
544
1558
1181
1009
1246
1261
137
1914
973
2276
969
355
1526
400
1142
2140
1070
2115
326
1189
1904
253
1515
874
1802
155
2267
332
1519
450
410
1038
1108
841
1382
2047
1243
1881
1920
1075
2143
2212
1109
1541
1738
2257
1254
1007
513
482
374
476
985
616
622
718
885
772
1352
1319
574
1906
665
1411
2286
154
1915
1824
2344
2126
57
29
1310
190
1809
1112
224
1151
2345
557
2087
279
1880
303
976
1017
1985
1081
1992
2036
2272
654
1804
334
886
317
2421
1271
515
940
869
1685
1640
2006
54
251
592
534
1636
551
516
189
914
1545
634
542
236
1724
884
1614
2172
263
1709
1242
399
862
2086
86
1523
2349
773
1296
794
1751
17
632
50
1522
2121
327
2328
130
165
1740
805
1008
540
978
2252
228
1960
2167
1047
588
185
1893
497
2067
184
2188
175
2183
47
1951
570
46
1764
1485
217
617
1601
1715
1641
1102
161
701
126
2340
258
333
2270
853
1560
1546
2320
370
2291
1340
788
942
13
589
1484
1447
119
315
378
301
1927
388
491
2020
1245
682
448
2074
105
647
1895
2117
747
1105
2202
2365
563
2412
576
1697
905
1313
108
2151
1859
75
2159
18
241
471
312
952
1654
673
1306
93
1235
1445
706
1119
860
1722
599
1594
284
603
1509
246
1440
1800
2058
1974
2045
174
1746
58
662
1493
132
649
816
912
1256
2157
899
1458
625
777
1094
1026
1022
1888
784
668
1020
1036
1533
354
1173
1729
921
152
996
1332
1852
1374
1935
1718
1732
958
1686
287
1543
438
311
323
1917
1797
37
633
785
1872
2098
1452
2120
1975
1443
2016
2242
763
1230
459
1283
676
2023
321
2019
626
1584
2377
2133
1227
1499
623
1482
642
764
2312
60
2390
628
949
1090
114
2079
1046
1666
336
1846
2239
518
182
1790
121
815
1798
2335
1333
1042
304
1770
1248
280
1561
2109
681
117
1086
580
1823
2269
1061
1055
1372
1811
1161
2033
2040
821
1618
1339
1821
755
757
1470
1194
913
1080
2346
1557
1137
771
1535
955
1327
2262
1626
980
2146
1123
265
746
452
831
1240
2261
2326
407
1908
657
1215
2200
205
1662
1530
433
1909
553
2322
1149
1699
1607
2044
2085
2100
1954
2009
1019
2205
34
2084
9
1059
635
1076
1817
2029
915
1357
432
1401
615
1441
1287
1430
2142
409
227
202
2314
1982
1214
123
2038
1326
1934
1264
1387
2246
423
473
1838
808
1955
775
748
1371
1295
1631
477
138
2319
439
1966
387
1406
1358
507
695
1616
1548
1929
1946
838
2028
55
539
500
2210
1683
1980
1645
1502
840
697
233
1609
100
276
897
1551
188
1943
957
1037
959
907
614
1448
36
938
168
1425
1223
411
98
2011
1731
1270
1252
1178
611
814
266
2288
1328
530
2022
10
612
375
435
1832
803
887
2324
1598
1368
1799
1819
14
505
1045
740
1862
1707
405
2148
2094
193
1016
1403
1655
362
2299
1442
1653
2336
1091
20
1279
358
825
989
2173
1672
1739
1674
64
1234
1570
1608
1362
2025
1973
1216
225
135
641
1143
1658
1632
809
136
2220
1851
851
1569
1195
1786
1511
548
146
1577
52
565
1671
1529
368
677
2162
621
692
2222
2248
1805
250
1903
1185
2372
1842
2007
1803
1297
1690
2069
1033
1186
41
109
381
254
1500
506
2216
1883
1855
1398
1622
230
2052
1301
1667
365
951
322
1182
655
1140
454
1073
1695
1341
26
149
456
1388
1875
2152
367
1177
1196
1963
2122
801
1324
687
2066
42
1518
1393
19
208
2061
618
2134
866
1260
1133
930
213
347
11
1638
517
330
1120
257
2231
2160
2347
1774
1210
1198
1011
475
2064
299
863
238
2313
983
1168
605
1634
1997
672
1272
1876
658
560
499
223
1822
1926
1938
472
1639
644
868
298
397
1602
631
753
2381
1170
1291
1812
2266
1318
1253
1689
1316
300
1998
169
1471
1363
194
2358
1902
1916
273
203
2059
48
1651
581
1419
583
1744
1477
2351
2196
195
604
402
549
1559
1480
2001
2228
1138
1588
1072
1808
2337
418
292
721
2035
1647
804
620
669
465
871
2256
44
274
1176
1623
2112
2163
737
414
1772
488
1568
735
2175
5
422
689
1407
1825
1930
2294
1531
895
854
90
1624
1679
1680
95
1360
1659
759
936
199
1996
652
1330
1412
1024
1255
1381
684
2211
752
97
2258
467
511
1524
1896
2409
1931
442
1567
245
926
1496
750
78
2042
420
463
1107
761
1775
349
2394
699
1457
1979
1771
650
1144
2240
30
2012
1668
1497
210
264
1820
630
1376
2062
2034
948
1490
89
645
931
215
2003
1766
971
2343
2027
243
2000
1494
101
528
2318
1642
756
1816
1706
2308
943
82
1031
1585
2263
297
1383
1064
679
2164
847
2354
661
247
1404
1918
441
779
65
343
256
1204
1369
716
221
2289
893
837
1299
390
1450
434
2207
316
1241
2284
1760
578
789
880
2341
822
2004
204
2145
360
1801
1554
2191
107
112
1158
1079
1043
401
2303
904
1289
1592
2408
916
1780
1257
1282
653
1869
1941
514
2111
2225
308
1424
1034
2037
873
1890
2138
1300
802
1135
2078
1737
962
1728
1779
1969
206
783
1950
521
62
1972
162
2237
939
1338
1311
1096
900
613
1274
933
1670
2165
1723
849
268
627
2108
2032
384
855
403
1534
1014
744
1249
639
1605
1226
1146
1575
2414
197
170
832
214
624
1237
1676
396
1098
1100
2296
2233
1956
2150
1192
1644
127
1111
2309
827
124
738
2241
1793
1538
732
1354
92
131
1948
351
1278
2232
2325
1553
1562
481
211
424
1656
790
608
1475
249
998
2135
1284
1206
1104
1532
2411
371
1276
2050
2214
1940
1062
398
1981
1637
1035
819
937
1320
1262
923
1110
906
252
696
106
898
1099
1219
179
219
1087
1620
2147
1703
1580
1321
1012
2370
404
1479
781
99
1416
767
733
1576
769
1317
1025
281
283
2406
1831
2144
1126
932
1472
1380
487
2213
59
1633
844
43
2002
289
1599
2371
864
1765
1714
2080
807
1063
1088
1899
1664
1160
2123
498
1814
345
1796
2352
2357
150
1849
1768
1625
1183
828
875
1556
686
1203
584
545
2130
2229
830
2018
1922
2010
708
2342
1891
1928
1275
15
2136
1687
1586
1839
259
908
812
1391
133
1700
878
1032
1308
1465
2131
531
1721
1325
1877
512
216
1052
2350
462
660
1907
453
2099
1486
66
703
1004
53
341
796
2245
267
129
1684
2046
1462
1787
1057
1092
582
237
1901
967
2253
2305
1566
1478
1932
1536
1069
1427
2013
525
2081
1657
2301
91
2251
561
882
393
2155
2097
2302
2418
710
1550
1675
1408
262
1704
569
430
1402
872
1464
1516
1552
429
1581
1508
995
1791
2402
1845
391
305
2203
714
2096
786
1010
727
1857
1281
329
2274
143
1417
537
601
2049
2194
1682
6
1336
380
2195
1850
1093
1870
543
527
2273
1694
1498
598
2393
2082
861
1976
1540
879
927
363
730
342
918
23
1574
167
2189
1983
1897
1512
1752
1528
1629
547
385
867
1719
2271
325
1164
554
1762
1415
33
1925
2076
1244
469
1678
172
437
455
413
1023
2137
1265
2378
1212
1355
2255
1395
2171
2092
600
568
2410
1180
2055
1971
1660
670
842
2021
294
817
552
1165
1294
977
1495
1476
386
606
1179
2397
2227
2204
2384
1549
344
183
1681
2244
1410
177
2075
1986
1844
1939
1912
2201
2332
163
1702
2234
674
890
607
743
2293
1191
799
2005
2395
2224
1184
683
2063
2333
468
1150
1673
67
1991
1977
1911
2374
1136
1428
1990
2413
1375
919
196
2039
39
1993
1290
974
850
2093
244
1121
2385
1489
1293
1205
290
1002
1949
88
922
700
2380
1611
1788
709
1952
2054
271
1784
2265
1894
1742
2060
559
480
1342
1048
1202
32
1900
509
713
956
2250
1292
392
1933
546
379
1878
212
1785
416
2077
1691
1060
1868
901
260
2182
1834
2043
1218
22
2392
1263
1044
1169
2279
826
173
83
1039
1006
80
444
2218
1451
2110
2180
470
120
428
1610
2420
1322
446
555
71
1520
1145
2089
282
421
2401
1696
798
2353
508
113
1815
261
924
848
810
1830
2199
1280
1741
591
741
1750
490
1364
1959
1521
1854
2315
492
148
984
1018
538
793
2149
1236
382
1572
226
556
2119
489
2386
447
76
160
1466
502
787
1910
950
1130
310
2101
2348
240
1460
1028
69
1619
451
1829
1068
1201
1439
1152
234
698
1343
1595
2307
1373
2128
593
1889
1767
935
1453
2193
2243
1727
691
503
870
964
319
638
1711
1978
2014
1436
1463
2073
1315
79
749
1606
1197
495
1999
2102
2391
140
84
1347
782
1446
2141
445
2281
2065
21
1125
758
320
1778
1346
520
1507
1887
1892
1437
2083
239
295
1828
2330
1698
1717
2368
944
40
2389
348
1414
394
1840
1919
719
220
586
1936
1128
359
1058
1782
275
156
2106
1286
1065
577
415
1392
1827
2400
1433
2185
2388
705
2298
1162
865
920
269
1504
2264
2300
791
1848
2297
1303
1422
1513
1716
629
1361
1050
1323
1359
1492
1356
372
408
2048
1781
953
1835
2260
2186
911
242
61
2219
2179
1544
494
2317
535
25
522
1843
2417
726
1459
134
94
1298
1503
993
2398
103
671
590
824
1807
975
1847
1527
961
1921
776
2396
666
2095
680
296
270
38
722
843
1600
1353
1789
1962
331
457
2170
2132
350
1713
1250
56
2221
1874
797
888
947
1474
685
1712
2139
2124
597
1987
963
712
1604
466
443
929
328
352
1923
2051
2090
496
2275
1757
118
486
464
1514
27
1944
1409
144
2187
1958
1213
1309
1968
369
1269
1396
1220
1421
2339
8
461
800
1603
991
1967
2103
965
2360
663
2071
829
255
1965
309
1222
523
389
1114
1506
1217
1247
419
1067
881
2125
858
567
2091
1141
1777
1617
286
81
1481
877
4
987
1153
510
313
550
2290
1953
431
1970
1491
1743
1054
1190
891
1331
739
1084
1542
1806
1957
353
7
1001
145
610
1116
484
51
1456
986
1229
1947
2306
141
2379
2405
595
1708
2287
792
1159
45
1117
2403
2321
2041
856
2
222
2088
2375
1405
151
1866
1736
1207
395
1304
1579
1378
2278
302
702
2310
2404
836
1539
876
1172
2129
1747
474
1239
366
1688
1665
291
643
1071
2198
1792
765
2383
1754
178
2030
1455
834
2230
766
2376
1175
339
288
902
846
646
1
1432
1277
1188
857
1650
1085
946
306
2197
1590
2176
1435
704
116
2254
2217
1413
1449
2127
2116
16
68
340
1773
176
2105
377
762
2235
1200
2407
1725
1399
1013
153
1056
248
285
1749
166
1115
667
2174
1434
1334
754
1082
1312
1795
1147
859
917
1097
1337
728
1259
2292
1856
1224
1988
3
894
2024
910
1885
1730
1232
648
724
87
2017
2161
1329
1487
1555
1863
934
558
2277
1171
1867
1454
2169
2053
717
811
2154
364
1810
968
736
774
813
1783
1351
2008
1345
1367
1348
73
1884
1984
2178
729
1124
1078
2156
1122
1199
1735
1053
1648
2107
1510
651
1148
1564
192
2361
1469
2259
1776
972
664
1049
526
1423
49
2153
688
1003
1794
745
1377
2166
1663
357
1129
636
833
2226
778
2268
277
903
1573
640
820
1228
314
925
2177
1873
125
104
1759
187
2181
180
1483
1597
1132
2114
909
579
1106
541
1758
1208
1853
1613
1238
1886
1074
158
2382
2362
1652
2015
1587
1366
1397
110
2355
272
1438
1693
723
1231
1734
602
191
425
1015
835
1370
575
981
2369
715
1258
2238
1174
1995
1961
478
795
318
1578
1077
990
307
1646
2285
1154
356
1211
533
111
619
1964
1101
1083
493
229
1041
1005
2282
1860
1051
532
1924
1344
479
806
2283
1488
637
373
2311
1209
1761
417
1882
28
571
128
1871
1444
1155
2329
2363
979
1593
436
139
70
2399
1591
337
2072
1385
1615
1089
1113
1710
675
157
1420
85
524
1349
818
324
1726
2249
1305
63
1400
2113
1525
768
1649
1285
504
376
406
164
2223
1350
1268
2158
1394
992
2334
609
1905
845
1167
2327
449
678
892
1021
2184
694
1612
731
2031
361
1225
982
1748
1302
823
1945
852
693
24
1390
1027
928
725
102
711
1517
231
147
1156
1134
278
2419
1989
529
1630
74
536
1635
519
218
1166
2415
2356
659
2366
1365
720
1157
656
1596
207
412
1273
1669
1813
2331
1431
335
2387
