65 408 45
902 69
408 527 842 822 381 397 166 388 452 65 336 420 888 495 793 645 686 406 22 594 23 956 275 50 110 293 215 589 182 111 811 398 831 56 630 537 202 104 272 524 798 379 235 139 989 283 738 868 261 21 731 563 610 981 25 251 601 255 963 285 895 227 502 134 415 729 102 416 626
87 35
272 914 297 430 196 408 826 273 820 65 832 286 649 412 188 213 358 368 464 70 340 648 236 144 305 879 611 372 965 371 842 77 877 107 421
707 68
624 809 416 733 408 272 796 425 65 792 498 184 571 987 861 508 727 525 737 744 894 504 769 411 623 131 209 163 212 48 346 466 876 910 189 273 435 764 16 419 171 597 141 362 255 18 386 657 582 110 572 520 459 941 172 741 815 954 707 630 149 808 181 139 480 518 264 322
290 92
65 99 259 791 949 400 408 748 236 473 53 141 358 990 741 41 992 206 445 5 88 661 670 606 193 155 579 531 535 679 884 317 612 230 917 910 364 874 733 680 639 267 852 982 265 999 663 505 233 991 281 269 454 718 776 533 311 443 320 429 836 50 79 251 61 11 887 96 119 2 51 641 667 110 578 498 593 64 925 262 139 734 711 959 569 418 363 426 7 924 899 886
68 66
576 496 914 276 53 894 408 541 96 361 936 432 697 324 376 269 469 378 472 634 430 652 386 65 365 581 49 778 974 379 546 323 556 517 449 498 423 396 514 63 474 599 431 806 855 178 206 833 311 457 938 888 319 476 946 862 525 292 4 216 482 881 958 883 530 503
252 17
104 679 911 332 556 77 408 983 344 846 651 695 218 186 130 29 446
736 53
370 750 733 322 437 911 63 125 759 494 408 65 272 530 262 51 574 108 326 990 803 91 423 284 912 572 497 194 832 286 599 535 352 958 307 796 166 739 208 806 693 396 466 612 607 795 765 837 737 86 678 388 658
88 14
373 917 105 194 211 65 352 154 408 175 24 700 839 624
580 66
229 65 408 773 299 913 241 609 82 99 327 25 916 40 738 231 471 432 513 963 642 378 27 205 1 110 684 906 55 586 315 326 339 953 604 639 665 720 488 727 447 785 90 714 968 39 597 861 440 928 64 505 931 139 814 860 385 677 174 2 345 886 376 189 682 448
843 95
871 695 750 87 408 952 47 867 395 341 211 257 6 92 800 391 874 65 155 864 91 929 94 325 476 866 457 482 691 256 657 315 532 707 58 980 813 768 755 84 89 353 411 821 493 715 904 639 478 183 805 115 489 60 160 150 5 471 996 499 171 664 61 63 67 957 427 774 513 148 226 377 129 419 12 437 9 751 156 326 648 776 547 625 130 760 902 487 219 529 216 24 814 571 228
241 53
624 504 719 94 907 808 731 707 421 65 256 879 382 453 546 559 408 694 400 821 833 138 616 243 213 216 746 836 66 651 574 38 774 68 476 377 57 569 571 531 240 832 819 17 955 711 268 838 720 506 337 781 701
342 72
526 65 282 199 408 412 723 918 699 751 647 147 780 331 477 472 372 339 441 439 585 365 790 994 949 224 454 579 516 232 278 61 174 307 530 335 442 786 285 917 10 392 583 77 263 374 346 469 386 395 139 73 149 763 827 884 370 410 692 388 915 449 3 70 305 214 537 835 383 578 910 256
47 81
868 684 76 866 735 132 197 353 397 795 375 376 681 200 256 850 474 28 490 560 314 977 121 575 408 65 180 6 33 874 659 909 949 149 325 856 861 245 119 255 130 676 148 662 628 534 580 125 833 745 549 48 709 689 222 801 278 462 661 839 592 421 756 778 656 160 162 905 332 440 217 224 383 131 803 123 35 718 134 318 228
683 10
714 387 408 793 431 43 594 89 402 147
329 98
761 985 777 559 953 898 65 214 75 313 262 22 6 134 44 996 245 230 320 321 748 455 14 410 405 2 583 903 141 994 869 749 114 875 632 633 215 117 43 970 828 91 492 472 413 253 101 943 4 166 793 942 839 408 365 280 425 343 113 648 951 850 357 657 503 348 196 561 718 816 341 156 108 884 373 510 597 533 178 479 986 445 758 419 626 470 973 857 792 386 144 914 539 636 218 930 409 659
99 67
986 203 595 596 89 515 265 871 621 71 364 204 177 245 65 101 968 408 846 566 945 719 64 592 188 767 12 853 50 615 911 981 931 629 514 633 248 510 491 206 771 642 10 390 894 501 484 396 361 532 936 333 305 262 768 163 523 611 544 487 819 476 469 983 506 850 895
727 66
866 466 236 289 109 408 65 948 797 683 1 898 418 423 962 46 497 337 880 669 840 562 662 230 818 891 299 503 226 842 429 817 634 977 859 878 347 8 229 574 410 379 377 726 924 358 766 759 807 104 671 908 654 633 750 220 495 865 275 680 149 130 590 603 121 209
369 88
917 343 974 713 793 65 830 408 700 441 590 506 200 174 238 382 889 711 853 626 571 40 41 716 886 159 869 630 279 483 959 788 644 86 132 665 118 349 60 841 414 499 982 999 116 465 876 616 568 161 452 450 918 734 609 677 640 208 720 822 480 327 764 981 3 758 949 854 510 435 741 888 113 535 432 991 29 471 664 634 712 655 415 708 207 363 250 497
410 100
711 717 27 223 851 468 466 65 821 187 538 600 668 695 269 408 832 46 327 830 784 594 689 872 189 592 906 449 630 765 734 631 503 205 657 83 38 819 761 392 246 802 459 541 258 490 895 380 230 406 852 420 564 212 896 702 723 198 629 607 697 517 113 974 48 245 874 480 741 760 213 312 567 366 914 527 915 679 381 415 316 628 108 373 45 663 492 952 816 343 84 543 166 331 526 295 933 535 715 509
911 79
418 261 149 698 710 725 43 176 651 914 367 86 408 522 65 685 424 446 355 331 815 422 497 268 141 9 595 131 842 555 182 526 341 834 448 753 749 95 988 554 469 585 45 461 29 636 985 558 789 430 896 992 666 46 623 654 320 164 718 94 324 15 417 633 503 573 59 802 591 354 770 858 740 814 831 779 761 845 207
192 63
620 711 480 954 787 499 118 658 65 981 95 714 777 256 209 347 846 315 325 592 549 804 365 707 647 926 538 918 243 780 58 700 520 578 224 502 39 635 408 215 935 18 164 218 197 779 266 916 483 769 786 302 871 419 398 970 813 103 8 661 498 248 554
553 81
269 385 5 941 512 232 98 65 798 4 529 156 915 475 53 477 910 807 257 612 140 647 3 920 353 419 328 487 95 707 958 756 819 357 299 729 85 563 377 297 255 332 801 975 39 229 686 50 623 506 816 473 408 462 1000 608 683 382 71 644 105 879 6 916 550 951 857 830 175 618 33 59 287 227 131 834 950 280 411 795 854
734 74
500 275 259 174 269 187 80 65 496 245 270 121 748 6 531 408 217 375 977 573 194 315 66 182 385 602 328 623 632 560 547 135 501 945 264 944 566 734 141 862 996 900 106 763 968 191 924 64 925 172 277 391 304 75 846 725 609 784 955 469 366 218 115 424 362 157 90 926 554 331 162 228 870 888
488 39
65 766 319 776 545 780 636 37 201 688 760 408 222 349 893 24 166 939 705 972 477 483 911 607 182 579 964 90 63 724 848 291 610 555 775 951 840 999 987
700 43
251 442 403 957 83 34 408 663 65 1000 455 995 872 792 286 582 347 670 966 490 626 203 535 823 545 450 119 529 234 859 328 773 970 386 492 655 131 759 883 205 539 218 906
342 74
456 706 408 285 367 922 142 32 249 506 707 246 235 7 889 654 974 884 579 361 468 383 355 65 319 208 213 538 774 352 532 943 243 46 423 295 442 167 667 880 23 912 547 135 34 432 68 454 476 997 585 466 501 513 296 715 496 971 710 348 471 105 771 264 750 599 339 846 185 220 676 447 460 58
591 71
371 828 971 80 408 348 794 855 42 865 235 414 737 65 748 478 677 456 121 196 19 786 616 53 161 617 569 376 497 44 247 862 266 426 394 963 435 96 930 143 834 227 487 935 650 334 615 262 166 835 724 563 649 774 323 433 106 215 373 199 544 404 530 852 636 94 531 981 524 279 683
789 41
768 801 608 188 171 379 510 65 260 294 857 623 25 408 809 332 710 493 582 37 132 994 360 982 142 388 873 338 414 783 8 855 431 879 407 805 989 568 322 988 758
972 47
766 408 590 394 88 959 338 709 121 879 18 329 636 769 65 211 623 182 75 509 913 519 314 110 166 556 531 999 263 781 772 578 595 131 525 835 183 799 403 621 641 55 376 228 847 604 63
63 18
408 148 539 531 585 960 1000 133 800 617 836 28 716 847 925 952 689 80
671 42
187 823 988 90 151 454 65 408 170 303 973 169 175 984 288 858 391 70 516 488 9 183 166 345 555 218 37 719 343 176 215 821 899 453 683 448 729 849 329 991 522 505
107 43
496 244 710 134 66 215 408 294 167 672 879 475 536 670 735 301 582 955 175 854 263 237 460 378 423 65 683 835 40 654 891 350 79 945 9 43 861 487 139 223 718 801 991
341 7
95 90 272 846 73 190 65
755 8
904 652 345 397 492 408 225 472
44 62
651 10 913 565 261 657 148 408 976 447 655 20 373 281 65 521 178 677 975 216 671 395 27 546 336 878 445 839 188 838 508 255 60 977 627 397 38 228 166 718 789 886 654 769 854 476 146 258 325 853 541 324 942 973 388 614 270 597 921 125 18 341
603 85
514 671 664 10 636 994 186 53 408 208 722 392 407 416 404 397 582 987 47 709 525 763 290 65 29 432 180 113 99 234 273 844 133 200 662 61 304 355 588 212 300 242 174 945 453 706 508 874 820 609 347 77 202 3 131 745 851 310 575 278 479 834 344 301 620 897 429 306 612 385 969 812 830 258 916 527 550 835 499 352 25 855 464 731 478
327 71
806 50 408 615 490 306 977 645 705 183 65 690 103 366 64 131 676 139 398 182 644 210 483 303 236 687 666 461 763 545 829 947 740 704 745 697 715 259 439 385 125 148 203 472 302 335 49 308 746 16 713 209 433 215 837 506 261 512 879 591 151 628 530 112 404 3 473 827 413 722 701
796 32
65 88 401 219 650 197 961 262 335 35 378 67 171 710 77 773 253 158 210 587 104 461 692 864 349 446 408 962 939 517 56 662
411 30
621 836 536 982 859 553 6 4 65 184 113 85 408 577 581 648 885 155 476 659 771 855 126 336 935 849 240 67 725 847
197 20
388 33 609 833 380 273 347 408 778 976 65 751 889 66 826 786 183 27 871 835
193 25
4 408 749 580 717 899 65 739 609 795 216 629 383 962 840 552 643 603 750 242 535 515 960 120 312
299 72
220 408 801 344 336 203 99 661 252 65 530 462 262 957 879 577 697 776 975 837 562 143 183 431 832 569 860 250 347 197 853 674 756 146 603 63 714 665 38 159 9 43 645 106 169 882 898 935 911 733 404 490 538 793 875 772 59 928 239 913 797 598 551 775 612 548 328 17 791 968 986 269
599 3
65 295 881
437 27
895 728 357 682 65 534 319 621 269 617 295 136 19 569 609 627 768 706 753 588 227 408 470 711 603 581 561
584 41
846 515 408 910 723 35 97 65 556 659 99 297 167 961 246 915 242 521 64 183 575 54 963 291 75 369 313 616 798 724 465 270 456 555 582 497 464 131 310 343 417
