100 100 5000
3009 1582 1536 822 2355 4819 3445 4236 4665 263 2295 3609 914 624 1203 2879 4381 1751 4153 3364 425 3737 14 3548 4621 1788 469 2917 191 4816 2557 1543 2368 2615 4910 2446 4892 1450 4525 4181 2367 1938 3648 3537 1051 3840 843 1879 3758 225 3528 235 4881 898 4516 3382 939 4228 142 4763 763 347 3636 454 2533 4457 1942 4561 2955 3042 1947 685 4709 1675 1554 4561 452 1020 2217 3706 1360 2936 2425 727 4345 4525 2875 3344 4058 20 2187 4843 3377 2366 891 1906 2835 1856 3859 820
4477 2325 2571 2830 4214 3991 3867 2478 192 3930 4434 700 4469 2021 2650 4166 294 3229 597 550 1774 2000 1777 2794 4925 4035 1742 1623 2880 3305 2217 91 4262 472 4481 102 3070 4033 3246 3172 3372 3892 1401 2778 3450 4334 3398 4674 2291 1368 4967 364 2835 885 2715 723 4474 504 2867 58 543 1847 4252 417 4145 1336 4512 3960 1041 2158 3951 1054 2515 1600 3924 3982 4883 1742 3954 2351 4101 2257 37 1679 3188 2166 4836 4459 636 3623 316 4181 4756 1342 3785 915 922 2807 1829 176
98 3945 2067 4329 474 3896 3709 1542 525 4818 2033 58 647 2939 1002 1289 1879 3008 2923 3630 3888 2133 1238 1214 3394 2843 1515 4500 3743 2682 1132 642 4615 2198 1389 2297 1380 4233 4481 3565 3506 533 1359 3831 4942 3964 1955 824 327 2854 1777 3471 1074 3726 4301 144 1079 1962 3166 442 3321 3276 409 4458 3147 330 3969 4353 1582 4159 2835 591 1023 1043 2720 386 4101 2470 4652 1159 32 3756 2820 4244 2693 1350 901 183 3302 1757 134 4095 4270 4323 1303 4437 4962 3136 1451 3862
1315 3886 129 656 1713 4441 2369 2590 3033 2174 1729 4106 422 1175 3199 1838 78 1393 4665 3775 4651 3506 3520 927 4250 2322 1323 4774 2216 4493 120 2779 2024 369 1941 2396 4234 1339 2549 392 862 1129 1750 2533 1477 4371 62 460 3056 1514 798 3965 3362 2453 1479 3263 824 2229 3793 3600 3225 3260 1203 2094 4825 4878 4924 312 543 307 2200 1884 2726 3265 3702 2093 2033 1986 1406 2160 1688 3471 480 3355 3079 1441 1032 2259 3253 1951 1277 4945 3274 3401 1368 3833 3137 1184 2986 4830
2949 3336 1422 3061 2968 2715 3862 692 1382 3578 4378 79 1065 4363 4699 799 4182 4658 1173 3415 4284 1069 1875 4628 1389 145 1588 3480 1588 1074 1803 3180 166 955 1244 1776 3686 26 218 3096 4793 1615 4750 3132 720 3281 1378 4676 971 3189 4628 2318 2826 3180 4398 1918 2079 2935 4434 440 439 4546 1850 1949 3792 3330 797 4440 1981 4396 614 1916 1916 4140 607 4940 2632 4495 459 534 178 1621 88 1757 3378 1646 67 2417 4260 368 558 3245 742 1778 3692 1269 2550 3720 4670 4346
272 3204 4398 1972 876 1965 1256 4075 4126 1567 2808 985 2631 1591 2430 4879 4585 736 1734 4011 4328 2047 1844 3883 1908 3567 29 3929 883 1146 1033 2074 707 2693 3733 916 653 583 4541 2324 3141 2070 3438 1722 3134 3958 3136 1073 3603 2462 3683 3095 2775 408 3337 2685 3662 3005 2833 3811 45 2595 2524 1292 3188 3941 1936 1593 1572 4309 1138 908 154 3232 312 4251 4723 2510 461 1671 4587 2860 3549 4273 4006 2832 1304 576 4863 3321 2524 1969 4342 912 3842 2051 3828 2390 2955 4589
4363 684 4548 2671 2473 4121 2588 2994 3971 1836 4790 5 4349 1270 225 2765 4695 4946 2373 527 4956 2500 4657 3501 3940 1692 3048 4068 2449 1734 2873 2118 167 3863 3069 3856 1125 525 4316 3690 1608 3355 1456 3174 374 4592 3883 2855 2647 2459 3805 2599 3232 1245 3525 1405 1594 3155 3224 2906 4151 2175 3784 326 2756 970 2884 2804 1882 1368 2581 4279 1775 1183 2400 3703 2762 4821 2519 4995 139 126 4427 1148 184 2831 2044 3244 4868 3266 952 4258 3153 1406 2106 3347 3455 2570 1354 655
2117 4302 4875 3445 3068 4677 2161 2371 3532 339 4137 3542 3573 1416 3467 1306 4911 2118 722 1550 4173 1052 1092 848 2892 1599 1980 1185 4634 1378 1437 1420 2202 410 2129 3520 4156 3513 3544 935 4040 3589 4636 850 3163 435 1401 2756 970 1877 618 1512 4531 3950 1614 3247 3916 4238 1626 4874 1443 631 3072 2968 3276 4978 3285 2404 2417 3222 1256 1023 1387 1694 4453 2949 2975 4022 2882 79 1388 1634 513 220 3969 3403 4620 2780 3980 1783 2199 2779 1164 283 271 2247 2136 4664 2401 1606
1336 4896 1165 3862 4009 3339 496 498 1007 2442 3849 3374 4546 455 3883 4968 1587 3247 1177 3467 2168 4062 1377 4441 2571 573 3839 4124 2617 1562 2714 1945 3214 476 4827 4833 4909 4528 2777 1581 1917 2149 3018 3006 1800 498 84 2695 909 3647 3162 2407 3045 4198 1194 1223 3850 1927 3843 4 1395 3786 3643 913 3741 2613 2742 4668 1652 738 2564 3715 4255 1203 1737 1259 2449 37 344 2949 1547 3350 1217 4077 3478 621 1151 4385 2415 4661 2719 4114 156 2005 282 3514 139 4711 179 4658
1825 4579 356 3094 63 2151 795 4464 2617 4829 3498 2534 2913 1017 2012 2785 3552 2253 979 3195 1396 27 2719 3628 1765 2375 2185 4760 2914 7 1317 4864 3913 1335 382 4132 4259 3117 2075 3114 2421 4086 2759 3670 2187 3107 671 2559 3263 1140 972 4521 3023 4975 2104 99 4301 4188 461 2127 3480 4064 4073 1738 1343 420 1678 4344 3686 4458 3518 4077 3529 188 1003 602 4869 3136 2500 194 4374 4196 1972 2463 1387 4330 269 2574 4358 2576 2938 1836 2279 4959 3778 1043 4648 4701 4743 3046
3771 1865 1094 3221 4344 3011 1554 2420 4867 4253 4081 862 4282 4154 4280 2 331 3458 3914 3231 2396 799 3443 3202 3589 3639 4708 3840 1799 3582 2207 3770 2976 4095 4217 1365 3006 2046 3839 3114 3649 3182 2577 1217 982 4226 1220 2316 3029 4690 260 1051 4668 1364 4166 1124 2180 212 2355 61 2601 3290 3992 4952 1192 2143 866 1177 4369 3675 1432 4999 1227 3021 2241 2069 3286 3312 4324 3731 3844 175 4542 1390 1641 253 2661 1928 4490 4467 843 3261 3554 639 2031 2452 934 1693 4262 1583
602 2989 4423 4783 4317 1472 2787 3438 1608 3576 3715 666 3772 2556 1316 3851 2192 3212 1813 1394 2466 967 1497 3909 1237 3047 3128 3179 728 2014 1552 2857 4968 3471 3368 3142 3627 1435 373 2417 2229 3974 4574 1045 1817 2069 1930 1071 1461 695 2274 1804 2863 1085 2904 4793 3462 2447 4478 1896 4393 3125 2284 3547 1508 1766 3385 1393 3322 1753 34 2050 2556 2094 1505 3361 3998 2415 4453 3221 11 552 4207 115 1519 2848 3485 3076 834 2747 2879 4543 2117 3470 2542 3083 485 2063 3052 322
3260 4798 1543 3845 4438 1539 56 1656 2353 2101 992 3706 1654 3684 569 548 4829 429 2978 3659 4189 2528 1997 3796 1488 454 4147 4187 4860 564 1175 1119 4766 4199 2263 3725 3890 4795 4126 704 341 3212 2599 4354 1635 968 100 722 797 3207 773 2298 146 479 629 3563 1254 1073 2885 2999 3472 4578 1996 2107 525 3463 718 2839 4410 1224 2416 1156 3526 1591 3862 3025 1182 4078 628 3977 1346 1770 41 3140 373 1359 3482 3296 1803 689 3163 3060 2827 2637 3271 1226 1243 1634 1216 991
218 1088 3594 1240 3144 267 1306 842 658 1243 2901 645 3794 4971 195 3038 3428 3459 370 832 1203 277 198 518 713 2881 1854 1080 3613 3493 3650 4392 2695 3213 2136 4784 2647 770 3902 4545 436 946 1490 1450 1288 1493 430 1499 2600 647 1447 989 3778 3558 2828 1977 3847 4642 2667 1617 2872 1659 2183 4279 908 980 3958 912 3895 3515 1855 1988 3479 4209 3649 2157 1464 1124 1718 2417 3103 1334 454 4461 2892 1138 3320 328 976 179 1011 3082 2062 665 1411 791 1574 2905 4887 4404
2804 2951 4255 2469 3072 1171 2403 752 4606 2965 4351 3730 4445 3494 4411 4347 2213 2493 214 3632 433 2858 4202 4302 3605 1042 3578 4886 2697 184 2169 4209 2218 1253 4732 3737 4834 4083 1255 1825 3542 4971 2174 1162 1734 4177 4961 2035 241 4281 755 2109 2326 4937 1132 4896 2159 2139 2857 2397 3528 597 2453 4506 3014 2310 3546 1531 3882 2591 1760 1179 4524 2323 70 1246 3268 4677 1302 2490 2908 4765 937 2106 4642 2750 1572 1470 1146 2375 2979 4787 4023 316 4050 2850 4186 2904 2267 4568
995 137 4065 3586 1604 4960 2195 1122 558 1668 2740 3066 4850 1426 2447 1012 2642 1899 3807 1371 3264 4450 1933 146 2916 312 3619 999 1579 4470 853 4236 562 2126 3575 2538 1994 575 2649 4922 846 1163 2024 4441 1048 110 4910 2382 401 2141 1193 844 1023 2585 417 1423 1224 3247 3755 3221 4781 2293 2171 138 4418 2507 2326 1375 2218 4603 413 985 2472 3854 4245 3178 4840 4125 2340 2702 3755 121 694 2635 1801 4303 3309 3965 737 1435 4615 4990 4420 4224 3233 479 1112 4402 4194 1414
4305 1616 3610 4844 577 3801 3273 2888 4551 2690 3948 1317 2694 4769 2922 3814 92 1417 2588 690 3339 298 611 2415 333 1828 516 2759 120 2688 758 2265 3713 3179 3980 2910 508 808 4702 1498 10 1113 90 1474 147 2986 4280 1280 3459 682 1515 751 4489 4238 1427 2453 4314 1588 1575 1605 3373 3985 591 4286 1359 751 2848 1524 1294 3311 4041 2097 99 719 291 4927 4825 4335 2909 724 2434 822 2028 2603 1072 4764 3234 2499 3208 300 342 566 2555 2521 2313 2680 4263 4241 2833 890
339 3729 1414 4498 4671 631 41 4953 2609 4542 4845 3160 3188 170 2453 1904 283 632 2877 3477 2932 529 3181 4150 4655 1243 2016 4675 3813 3180 115 2891 2646 1908 1497 3490 2899 125 2386 1587 3482 1778 4388 1784 623 1617 850 3411 183 1174 4016 1487 3368 246 105 712 2469 1917 1216 2412 486 1380 4738 3796 579 202 3213 1971 3817 542 170 794 3766 2159 4813 1406 3694 3592 3949 3127 1695 2466 2999 2821 3666 776 269 2481 1344 1409 4708 3493 2532 158 115 2321 728 1657 2775 3907
1831 3301 3883 4794 2009 1144 3701 520 2509 642 3628 1729 920 4104 1414 4428 3940 4330 869 2117 4245 2909 4897 2252 3292 1261 2737 3806 358 1587 4187 3101 3183 3831 2475 3207 3560 1978 4424 2688 3608 451 2202 1901 3302 4508 4592 3686 1844 3904 318 719 1167 3203 4011 4492 4899 1198 3512 2990 2051 85 2277 3549 3207 1471 1646 2244 4054 1794 1026 572 4307 4648 2428 590 3236 2498 3146 4449 540 63 1171 1836 4579 3256 2510 2128 67 1620 1069 2493 1851 4155 4952 1152 4945 4602 510 1478
3896 3402 1023 3463 3337 2804 2804 993 2702 3213 584 632 3026 1970 3688 1383 2860 1481 2677 4958 2042 4755 4795 3953 185 897 282 1056 979 3378 3865 4064 1778 3399 4706 1917 2848 1580 160 2290 3041 3011 1126 1071 4080 2070 89 3286 711 1376 4629 2730 3698 4360 382 1620 1434 3843 909 1771 1495 4990 2946 79 2711 4069 2496 1307 3587 1115 4964 1812 3585 4238 895 3282 2748 4478 1203 2659 263 2682 2098 4342 2377 2254 2810 3210 4657 469 4773 2740 1915 4887 1253 1015 4155 2672 4613 4891
910 3989 2026 4020 4249 2507 4720 3486 561 390 2993 2138 3217 11 4816 2352 4817 3082 484 3753 2283 3675 3984 2207 2834 692 1167 4147 435 3460 1093 683 2622 2655 696 150 4573 327 85 1477 2586 4779 3591 3864 1920 2950 3787 3250 2008 4655 863 4259 772 793 4584 1376 4799 30 1979 4952 1067 2077 3715 1477 4933 2140 1513 1837 1315 2284 1562 1229 701 104 3322 3665 2825 689 1270 346 1712 2466 487 2580 999 1690 827 1027 1352 1459 3717 338 2782 1462 1388 4215 256 945 2634 1894
1412 4703 4691 2281 4429 1034 893 1433 239 2703 134 1475 1039 3301 2313 2738 336 4684 1691 4964 4728 134 4682 2500 2889 549 4740 620 3115 1545 1901 4469 934 1035 3987 2397 614 3220 564 1811 3271 35 1975 1609 2096 455 272 2247 140 4377 556 4568 2403 3044 1124 1019 1199 684 519 2169 4650 2865 3688 1413 1693 4430 2695 477 3772 914 3723 1612 4677 1979 957 4353 799 1553 200 751 1950 3662 4828 3698 1429 3456 1993 3691 1941 4977 4385 4984 4425 59 438 2219 468 4147 315 1141
1498 2825 623 1063 1292 3881 1828 1981 1191 4873 3805 4360 2620 4943 2893 4830 369 4519 4469 4247 1126 1310 3381 951 2181 326 1276 3683 4272 1982 395 1050 4462 4796 1803 4617 960 890 543 315 1438 4627 1428 4396 855 4984 1316 952 1733 2076 2266 1108 4311 40 448 1328 408 3723 4373 4080 925 4298 818 3654 3899 4096 3451 2350 2118 1754 11 4430 3975 2842 3248 2391 117 2221 2733 44 1596 4747 4326 190 2515 4827 2390 3065 1999 4209 1917 2199 2301 421 3286 4743 3413 4048 1508 514
154 3685 3316 1778 1926 2642 101 3550 506 2290 3852 1670 2426 1057 3972 760 1775 4627 3811 3557 1423 1089 3304 220 447 1225 3121 600 1928 3921 2409 4440 1423 3631 2597 2219 3735 1104 4631 1453 1593 3595 3748 747 4043 2881 217 631 3967 3412 4099 4736 2730 153 931 2930 2989 3147 1919 2773 1224 1989 3518 188 2818 1428 2708 3165 2709 935 2587 2584 191 2164 1859 2477 891 3112 3312 3991 1798 2682 913 4919 4333 2644 2041 1734 67 3743 4046 458 1641 1435 1959 1252 4806 4488 3635 156
2486 3083 2436 338 2175 4656 1139 2170 686 3009 2725 867 480 4536 1186 2148 1965 1079 3454 403 1102 2257 2448 4620 479 1300 433 354 2728 4238 3647 1325 3349 3985 4439 1968 3430 661 4696 4053 2080 4992 4084 1528 2626 4020 1330 4765 2460 205 3422 86 4834 4445 4139 949 3030 3527 4263 3195 3859 4228 2148 1755 3118 629 614 5 1607 4493 2056 2546 998 3770 4769 625 1712 4065 3197 3189 1672 3451 1774 4835 2850 111 3769 1859 2787 861 709 3106 2324 796 3661 2673 653 3905 1463 3511
2415 2638 2541 2662 42 4386 4417 3572 1469 3482 1542 4744 1851 868 3001 446 1386 843 1742 145 3336 4492 47 892 1126 412 1527 3246 2574 3836 1821 2855 905 3522 588 4619 3873 2533 1903 2250 1549 3500 1706 3754 4923 3916 4116 2338 2559 3165 832 3315 1194 391 3098 989 550 2406 431 4491 1781 2135 1581 1092 2290 2806 3177 295 359 966 2520 3370 2765 3572 4741 623 4411 3632 449 1060 3741 536 4345 4309 4509 659 1209 1048 3399 2303 3766 3509 1767 3136 3378 4392 1277 3302 4600 4421
936 3185 4054 3446 4545 4500 995 4427 1774 1451 1094 2927 4735 4418 2670 3291 3517 2355 3352 2842 126 4323 3771 4833 2854 1515 4072 1776 3767 942 2940 3432 4857 4571 231 4131 76 305 3311 1659 1938 2065 3358 2600 266 4589 427 3946 4703 1332 2436 4703 3095 1238 4729 4377 3695 130 619 263 4364 3490 3891 2311 1292 3487 1295 525 4611 647 4223 2666 521 823 382 2555 265 423 2532 437 2525 4777 4544 282 3973 700 3123 1467 4286 4803 4199 666 4767 3006 335 4067 862 786 1952 367
1049 4154 3165 4652 2433 865 64 2068 1825 3170 2628 3463 3500 1182 1168 4920 2428 681 3446 1978 183 3258 1033 3805 1220 237 2917 1281 3948 631 4168 3381 2739 3789 1334 485 405 210 1338 1998 4893 147 3672 1446 1089 1728 2889 4021 1193 2329 4189 1442 3519 466 1044 2900 1080 3581 4616 1230 440 131 18 4741 3020 4478 2101 3785 425 2638 4736 2070 578 1694 2236 4046 1990 1258 637 4164 672 2472 3678 215 472 4103 4437 1258 2495 4560 4422 2116 2504 824 1283 4625 761 1288 2056 636
4689 537 556 1247 4011 4215 780 3513 1897 1209 298 282 732 3817 2307 4958 3527 1534 2191 1676 4020 1524 417 3841 3774 333 453 4478 2101 3646 969 1099 632 4936 4316 2494 3061 1402 1068 1084 764 3072 3820 2867 3394 3170 1922 2993 2073 2186 1638 1133 180 1619 3038 1224 3047 1675 4702 3671 4541 3230 2389 712 188 4927 1147 4687 4308 1946 3127 4444 1725 4219 3381 1242 1885 861 372 814 1432 3752 1494 3962 610 170 4912 3117 4280 1937 4225 441 2773 4234 3440 3561 120 3329 4494 3909
1755 973 4130 636 870 4671 1947 4980 1946 2255 1200 464 2945 2555 1435 4903 3258 3205 2629 2621 1612 3600 1123 3640 376 4207 2669 3441 4880 2154 4983 2309 1326 1070 2281 3696 4733 3111 2409 1917 4372 188 3625 4939 4777 320 186 223 4818 3864 4271 890 1110 3342 1711 4424 3386 1729 3458 2124 4600 791 356 2819 4986 2576 1032 28 4988 2496 3524 664 2232 1112 1306 4835 2826 1993 2462 895 2099 607 4827 3938 3892 382 3145 4036 544 596 2233 1135 4252 4267 4753 2658 2939 2936 4378 3908
3153 2077 3494 2426 4729 7 3992 1181 3314 3621 4172 2483 1460 934 3589 3840 1496 4997 2941 584 822 852 487 2508 4296 3010 2296 1887 2620 1659 4116 732 3447 2794 4125 14 1556 4405 4951 3979 4523 2085 4303 4510 111 1217 905 2528 1696 1998 512 4874 4647 917 4712 2937 736 4985 1263 334 1841 411 3306 521 113 844 2493 2113 4964 3126 1162 3955 4811 2327 2363 3173 2368 155 978 1342 1023 1262 4837 1324 4984 3731 2023 2433 4776 3251 3489 3906 4951 2117 2104 3501 741 1782 1832 2983
438 1830 1591 4880 3829 1303 3860 2180 2660 4162 373 54 2321 520 4560 370 220 3585 2761 3264 1884 1029 2195 4944 442 3557 2506 4726 4854 1173 3596 932 3605 1928 1456 3158 12 4008 4038 1246 1710 2848 1214 1524 1849 72 1517 4602 3927 4805 3778 3282 2345 3538 3567 2364 2109 2375 2347 2119 4856 644 1556 4523 470 2666 402 417 3582 1246 2358 168 19 1851 89 1365 3581 3947 1689 2598 4951 2745 998 467 2977 3694 4059 3545 3829 703 2680 2612 1022 2783 2357 3089 4293 614 3552 4989
1214 4462 3063 4326 3039 757 3002 940 3456 1628 3231 2578 2069 1771 4017 4159 345 4990 2386 476 4773 3320 1293 362 1422 1979 1 4033 2957 4762 3224 3823 4463 3259 422 4411 3645 3371 4676 3613 14 1639 987 2812 2232 4605 3086 4803 4725 118 2241 2769 4594 3656 14 3051 1419 1675 3270 3904 410 4704 2708 1394 2159 4449 4773 700 4137 785 4852 3796 4987 1641 378 3054 2010 2308 562 1730 1378 832 3763 3579 4455 2154 862 1221 3513 404 1407 2738 3057 3205 3825 401 473 3381 4066 732
5000 4619 1102 1949 675 3086 1415 172 3031 4684 1905 271 2706 3562 724 1327 3569 2889 2467 147 2708 2881 1513 3931 1982 2805 4251 4058 1681 442 2960 2353 3190 4293 118 4804 3634 89 206 4396 1044 2257 2903 3392 834 3552 1064 392 4692 2554 199 4336 2216 1639 1503 4142 1196 724 3206 4216 4659 2549 1196 3805 422 411 3631 4118 2036 2046 716 4488 1380 2327 2520 1705 4183 4213 1252 3428 123 4986 4815 115 3745 1016 997 2096 1592 3886 565 680 4475 3049 2641 1076 4101 1361 102 3885
2045 3985 1179 1100 1572 2410 487 3004 1883 3789 3179 4533 2202 4411 1166 4749 4067 3987 2903 1748 4973 350 4741 4876 3717 2427 363 3651 4598 1842 4279 4735 3681 1199 3073 277 1720 1534 113 190 716 4397 697 1751 1478 594 2714 2851 1170 1745 4690 2183 2160 2218 3578 786 2916 1070 214 4678 1246 1908 510 839 3532 668 3386 135 1195 678 1242 4524 4476 672 3282 2599 4906 4051 1517 3914 1690 3433 1297 4581 508 2237 1720 1044 542 2022 2199 81 1720 4281 2831 4945 2898 1763 2144 934
3913 4184 725 4281 2216 4442 1635 4985 779 1402 1324 4285 2391 916 3144 1857 4278 1882 1403 4768 3311 1208 1705 3975 3913 1783 437 930 2655 1040 2433 2789 1831 3542 344 2265 1621 3064 4871 217 1797 1202 3026 2167 4406 1408 4428 3080 4825 4495 3902 3513 3361 3047 2704 4253 4844 4792 3173 3932 1791 1719 3240 3257 2417 3102 3181 3184 1382 2022 3835 1274 4587 2617 789 2470 1521 4200 695 22 3106 2182 3462 995 4937 1247 3392 1766 1526 2057 1051 2733 1311 85 1682 2430 4346 3154 25 1362
750 2543 465 4649 4946 3754 2023 4270 4749 4417 639 1854 2669 1836 935 2427 2395 4709 686 3455 755 1006 2843 4048 1401 1854 2241 1143 415 3455 3944 2908 2811 647 4767 2041 1821 8 2093 1769 1478 350 1352 3613 4292 3565 3548 3963 1363 3885 3637 1652 3966 1939 1944 1488 4786 1533 2963 3585 3139 609 701 792 3575 1874 1760 4551 2553 2073 3811 1396 3201 4164 1444 1991 2062 1885 3035 2177 1229 898 3689 2329 3851 4428 3479 1852 3342 3510 1899 591 4866 4940 1406 1276 4672 429 217 3207
2673 1375 717 3468 2288 366 2633 2191 4453 4328 3126 528 1725 248 3983 1945 2263 3949 1100 1477 1026 190 3750 174 3410 3524 3421 1483 1985 3596 4212 2933 4258 2759 4614 3508 4232 760 4594 634 1597 106 282 1268 4896 1795 906 4873 2301 3425 4899 64 2640 1448 4871 3330 3820 1765 2439 4137 54 4753 1208 428 4783 2301 260 2728 286 1223 3284 3852 395 655 1619 1641 3864 4328 1046 900 2507 950 2664 2546 2158 3840 1178 2359 4463 1538 4703 1690 2962 2483 4958 4264 4533 4789 2825 4516
564 86 3066 936 3635 3474 124 923 1170 595 3223 607 1586 2006 1430 4077 1062 4779 3603 536 1933 2601 395 1666 43 563 1307 2951 2623 803 625 2788 664 4570 4472 1643 3184 3793 3427 3647 2426 2791 3906 1102 1192 447 4138 4311 581 108 3207 4705 4738 4900 813 2342 3068 7 572 1971 3466 2923 4938 4181 2924 2062 1306 2641 4895 1286 3498 1775 1429 3288 3370 3940 4233 1395 4696 2083 960 4352 193 4632 4603 4689 4834 3697 3257 1451 1860 4329 4553 313 4822 4681 262 4982 1493 2653
2299 4623 2206 4953 2885 282 1467 3278 3120 4255 3276 4917 2729 3418 821 3511 4107 4370 2942 3295 1126 2817 872 4124 625 4192 3754 1990 3296 4831 4155 2916 1889 3358 506 2408 2416 1794 82 3504 2890 2519 2185 1114 1782 1455 392 2947 727 2372 3108 4196 2095 4232 2875 1337 4974 2094 322 3263 48 1428 443 1658 1652 1304 244 3744 1056 4308 4378 4805 3570 1511 1157 3948 4274 1386 2900 4087 3027 3107 1138 2388 1288 2129 4440 4644 1315 4485 2898 2640 1096 266 1806 4170 4153 1305 3366 3813
683 4635 71 106 4181 3875 3618 3993 2496 1079 288 928 1898 2083 154 3011 1797 4802 486 4624 3204 4107 389 509 270 3700 4042 1625 1795 2429 3621 1884 2995 1419 3805 347 854 1519 1845 716 3414 4011 4301 314 4896 160 4017 285 3490 1735 3718 4874 2670 98 897 4851 541 4030 4602 1298 2983 2624 3909 2055 2126 1345 1721 187 2658 4487 1873 849 4927 3801 2545 2624 1035 4182 2306 2991 819 2483 206 3102 3277 3895 4152 668 168 3405 2426 539 1000 4734 2466 3100 4046 264 1534 2591
4244 1694 1348 4812 3854 541 2958 4695 4204 529 3571 2708 3340 1106 2889 3367 4036 4790 3878 150 3109 2092 3878 1733 547 3386 4703 1310 953 2804 1584 595 1073 3186 240 4241 4889 3164 2611 4779 169 989 1214 4496 769 1217 2972 1418 2472 1979 2865 1324 895 3576 259 2783 2939 2130 3881 2361 2858 4602 972 2954 1589 1421 450 4052 2619 2785 3441 3791 2598 1421 1704 3039 1158 1043 3849 4819 4884 330 2011 2978 4034 2076 1828 459 1261 3200 1084 2001 2396 181 845 2921 4267 1509 4222 1554
4520 3441 966 4136 2790 3687 2181 285 904 3572 1566 1173 1989 1159 4513 3484 1513 2836 1646 86 4997 3890 3084 1290 901 3178 1775 900 4599 1284 2791 2262 4315 151 469 3746 1558 2253 3217 4494 1929 3193 3622 733 126 2262 4839 3590 4826 2949 2276 939 558 2434 4100 665 3096 2492 2694 3342 3558 743 2907 596 4826 1136 4266 3360 1153 4476 4903 2671 2590 2821 2142 1567 4068 1194 137 413 1984 2778 9 2432 1420 909 1802 3960 2776 911 919 2412 868 3746 4932 1744 3608 3839 3754 3895
4348 4616 2812 91 1571 2525 801 3294 2690 3625 4547 2691 1055 88 3308 1958 2141 2648 3960 1261 99 72 621 3242 4756 3001 1654 3406 3489 2272 1176 2459 4506 4765 2692 3470 3333 3228 1115 2847 1781 3581 3368 3598 43 1658 4294 3532 1162 3013 4882 2243 796 595 500 2899 1514 1504 847 2890 361 56 2936 3175 1456 2215 4907 4748 2366 4079 2488 4741 2824 4308 1357 2513 4400 2605 2581 1724 1689 4289 1558 4158 3071 2202 4904 3172 4780 3203 4882 849 2348 2482 4518 1936 522 3738 2332 1625
2651 1785 269 2022 1624 3592 3174 2056 2362 1300 2556 3155 4742 4335 926 1666 760 2260 2390 4785 27 1342 578 2125 4342 1979 1951 1498 1131 1306 3813 4785 3753 4558 2565 4419 4793 3478 4438 1919 85 1179 1776 180 4180 1653 4160 3732 2003 106 4489 2597 1493 1156 4628 132 3915 2598 4342 1448 3047 1075 4720 3097 4690 3435 1420 4483 3782 1746 219 3771 2845 1263 4043 4828 3784 566 2070 3998 2828 4402 158 4533 4846 4307 2492 1985 839 1143 2143 4335 3531 1104 3074 91 4580 907 4102 2680
1243 4816 4663 2958 630 859 75 1287 3061 109 1580 1062 1655 3159 2599 1084 801 3069 573 2576 2446 1379 3247 1259 363 991 1414 309 3217 1930 4696 1951 1005 3620 2247 2230 2372 1627 19 4992 240 2096 4680 4927 2360 4766 546 1119 4619 1799 4165 1702 2189 285 3457 2271 1202 4698 3826 3146 319 1429 805 2460 248 4826 4095 4550 3348 2476 1800 4860 1156 1529 860 4709 4203 3306 4082 4874 2360 4918 3670 2421 3630 4282 1681 3536 4756 3135 1288 750 1056 2288 3674 2274 3943 1382 2802 1986
272 4929 909 4823 3158 789 1373 2116 3020 152 2220 1233 314 3516 1061 1939 2510 1557 4371 3761 46 3040 3253 2069 2954 3893 3953 1358 1087 1243 1925 454 2269 3215 4950 1620 3018 633 3863 641 4687 1739 3259 839 792 374 2037 4250 3425 3954 4276 1983 1660 3858 2957 2708 3672 762 2240 3787 4547 1239 4789 3366 3183 3473 2999 672 675 2255 3942 2414 384 2671 419 3625 3244 1712 1940 3960 2820 3486 1271 2862 2569 2681 3419 2821 965 1715 666 1926 4055 60 4435 3839 3819 2148 4181 4967
3597 356 2421 2129 891 3249 384 1634 3226 4646 68 384 3225 4884 80 4554 2938 3529 3661 4342 15 1427 204 1939 1873 2743 2774 1212 3355 4443 114 548 4957 3492 4081 380 924 1380 230 1671 2111 3675 3826 1599 1237 1425 4260 166 4730 2534 2365 3666 1041 1998 2672 37 4834 3869 1400 4776 564 4794 2117 2444 2422 4611 4926 1909 1968 677 2674 1484 39 3285 1554 1887 2685 312 4774 311 3662 980 408 2189 4286 2433 3869 1289 1369 1712 2967 2761 4739 2686 1735 3547 1838 636 848 2728
1089 3063 2127 4012 2861 1463 3423 4134 4515 2278 242 592 3713 1134 2593 3251 4884 839 3692 3347 4768 709 1933 4874 4122 1018 4686 692 1798 1829 4779 2143 1492 2438 3946 1396 4621 1500 2911 614 3596 870 4612 318 2224 1698 1086 1521 2254 1301 1986 2199 1555 4464 4102 4160 4055 3059 4605 2748 2708 3840 1322 3263 3518 4335 3542 1232 3493 2546 3908 1437 3589 828 3673 1965 3903 1579 2105 953 1808 2246 3140 4728 1111 2884 1360 4709 2620 2764 2776 2791 916 4955 562 1101 4265 3797 2463 3940
4190 2491 1779 1510 3192 3853 2228 2273 4472 1396 2431 2617 4302 2062 2749 1946 2967 4455 1133 1927 63 4625 3620 2824 3145 80 3127 1860 2538 1549 1097 4675 2086 1372 2632 1789 1115 1292 1465 1925 122 1962 2412 20 4660 3506 2634 259 80 2636 2946 1225 2186 535 3044 3276 3712 1404 3077 3064 782 2570 105 817 3673 4937 1126 535 2952 3685 4692 917 3759 81 3371 2542 3166 4133 1566 4061 182 2398 3755 2638 4155 3881 1612 3815 2572 2564 567 3925 2207 1480 4009 1300 1146 4542 4738 2494
197 4117 4210 1567 2195 790 986 2851 4240 4044 2460 1245 3924 4539 2540 2397 3940 252 4632 828 210 2586 171 1015 1267 1276 1631 2582 1862 455 4672 264 1973 183 1550 2205 955 1099 3059 2703 3398 466 2579 1798 4878 1477 160 4463 1451 779 4765 152 4709 3475 731 2546 4444 2113 4623 267 1504 2840 4580 2760 915 4768 4261 4052 3659 3292 155 4615 164 2612 4372 4029 4849 4890 2117 105 547 3850 1270 646 2962 4739 2763 2827 3320 4260 3788 329 3069 4261 2818 866 4357 27 649 535
3622 2023 2389 3805 3094 3652 4213 1054 4281 3476 3741 1368 919 126 3815 3020 3116 2093 4153 4381 4433 4336 2562 4082 377 937 2917 4250 1006 589 3776 2899 4089 4607 1375 3591 2640 2561 1769 3020 273 2688 3420 4862 437 666 757 1259 2104 2575 2447 4427 4125 721 37 4530 639 2154 1243 3060 3057 905 4349 4740 1087 528 1971 4824 1126 2660 3333 2020 4158 2578 424 945 4240 787 4811 3498 4410 2068 4635 4027 1935 4956 3977 2943 3851 1250 2862 3084 3676 4523 981 4181 1397 3325 4598 1484
3268 1267 4723 850 3571 846 755 4028 3892 4324 1181 2243 2677 1943 278 3753 866 2309 2435 315 2594 4359 3658 1327 4090 2512 1235 4443 2606 2508 2356 1135 694 4002 3145 3513 4085 80 443 2331 1396 1201 2263 3099 2389 4062 2135 2151 3916 630 4822 3658 3119 3707 1197 4920 4167 1099 1387 2994 3279 3791 1129 2070 4584 3580 2394 4166 2095 3587 1322 2955 2326 3775 3046 4742 559 1643 4721 2498 3816 4733 1303 1770 1975 2979 3585 43 2199 2520 1441 981 211 4363 2888 1667 2031 701 1891 508
3214 4197 4252 4502 1237 409 1197 3735 375 3499 3471 3159 2690 1350 2328 3933 1086 2651 4795 124 3574 3324 3578 2065 4039 125 758 1444 4037 4418 4063 2913 1509 296 2127 4618 2013 4716 4200 1010 264 1970 94 545 4925 4076 4863 399 3903 1311 2575 3103 3248 1699 3840 178 990 655 4167 3316 1831 2174 682 4351 65 658 4365 482 2666 1211 4828 2781 2158 2740 3922 20 2663 4435 4159 1749 3127 2619 2817 1624 3049 2792 4146 867 157 4806 2391 3903 3466 4989 128 2410 629 4333 4443 2457
4784 563 2843 2170 2286 2005 398 884 2739 4280 4389 843 3145 827 2868 4996 1709 759 2657 2793 1223 1317 1961 1401 4136 2188 4550 759 526 3798 2557 4758 1491 2199 323 4870 4812 3353 4216 1061 1653 662 4956 133 1874 2067 2653 2317 3096 156 4763 4287 4345 4114 1523 494 4086 4919 375 2698 2176 58 3894 4666 4519 2987 632 4572 2187 3220 1346 1811 3753 2041 1072 1974 3949 1366 2440 3193 3934 4 2011 475 2375 2624 551 4019 3881 1512 1167 2807 1358 3163 3116 258 3440 4092 2772 3777
1872 4297 3961 3499 3515 2374 13 4707 2095 434 1249 4739 4187 3011 3941 863 1588 4483 1874 2539 4555 2990 1387 1089 4844 3470 2145 1555 3194 661 3453 321 710 2110 601 440 2263 3017 2992 2679 2547 3593 1780 1047 1115 2596 1118 1679 4756 2038 3463 673 954 1346 4125 1157 3127 478 4578 2999 1481 762 63 3335 4322 3597 989 1934 4929 2380 4060 2984 1358 2880 2868 1242 2346 891 3225 4088 2316 4223 100 1059 4128 1098 1635 4150 3995 1057 1107 1132 2026 3376 4468 4520 3743 220 1635 4009
3549 2589 3813 2487 4755 3308 3462 118 1676 2780 658 3502 3048 2352 3643 748 4627 497 4425 218 2835 3490 4799 2237 4719 226 2322 4256 1546 2533 2429 1533 3503 2000 1351 1043 1735 2695 886 3601 2533 1325 2125 4773 2035 3998 601 4017 1198 4116 3425 322 4323 2669 3748 3831 1101 2613 1300 323 207 2245 4848 2926 3787 1608 1575 526 3949 2078 3456 1781 1466 575 743 1720 4490 3901 66 4372 1732 638 4633 3853 25 2053 2220 2884 2128 1548 1326 2812 1841 4136 4927 3761 4085 1377 1680 3701
4586 2037 3199 2312 3349 3960 2491 1060 2264 1729 4353 267 4627 2428 1156 4669 4542 831 3236 1665 2757 3428 2253 295 1540 586 952 256 3169 4920 1510 4323 898 136 2521 437 267 2227 3573 4444 2170 4046 4731 2304 622 3009 4087 2007 2585 1088 55 1539 38 3064 3116 834 189 23 4029 4497 44 1112 4590 4366 3552 2930 1376 1673 3057 197 4322 3421 3339 2184 3245 1321 464 913 4149 4542 3227 3690 163 733 2216 900 3439 4647 472 1627 2155 1175 3584 4342 4771 2887 856 4369 280 3294
4225 3073 116 747 40 803 2048 385 3463 2793 2042 2295 4683 3906 738 1139 1336 701 578 1218 3304 1250 4334 774 2754 3989 2209 269 343 1184 4239 3602 1648 1027 2497 4210 4884 1411 3435 3485 3750 4252 3618 1286 1266 1964 1217 1249 904 1550 3706 4417 569 760 4129 2395 319 369 4012 34 1577 210 207 4047 3771 768 3645 733 2492 91 4001 839 1081 3999 641 1159 4391 3340 2340 1643 4773 3436 3834 4749 2872 1024 162 3424 649 4783 2049 2259 2673 2444 3310 4547 1396 1603 1587 1361
3139 3561 1517 2788 4756 3549 2732 4485 2236 62 934 926 260 3906 886 581 1297 3192 2667 739 1157 210 299 4699 1284 2395 4166 1249 3281 377 942 985 382 4303 3116 305 3426 4714 2190 4572 3445 134 2132 3676 4647 3436 3699 4187 127 1442 369 3750 936 2871 1254 1855 1869 1465 99 189 204 901 1693 3418 145 4034 2938 4897 3969 1699 3116 898 3967 399 843 2371 524 1743 3420 4068 3983 3499 3823 4391 1260 4433 1863 275 800 563 2867 4348 3123 372 4017 928 4190 4079 4458 1616
2188 3811 705 617 2101 3063 2132 1038 1390 638 2949 1156 4564 2615 3539 3945 4118 1564 2577 2866 3571 4165 2024 1056 3169 409 1032 3582 2356 1240 3505 4570 4751 4543 1729 2421 2509 392 3982 1401 24 1886 1666 1278 2755 2850 2399 2353 3139 469 2832 265 4295 363 1295 1991 3841 3600 4077 4281 4573 4234 2308 3243 4846 1266 1952 532 1664 2392 2188 1704 2256 1066 1200 4759 1687 3936 3680 1529 3893 2135 3152 2564 2987 1425 3692 1220 1809 1966 2660 1149 302 2505 3821 1448 957 1704 1490 904
4164 1713 3041 3968 3489 1566 3242 2683 3277 3085 3906 2103 658 3383 3814 2686 401 4523 4635 3539 2731 2814 3714 2654 3290 1416 736 2363 2344 2502 2236 1349 1165 2760 458 683 1446 3639 4348 2997 1256 4085 1296 2405 1197 4976 2301 2828 1597 1084 175 2624 157 980 1578 1975 4965 1717 715 4986 2363 4976 1337 1985 1278 49 2235 4535 2213 1696 3731 1522 2269 2524 2576 2641 1241 663 1505 2546 1668 4018 2813 3247 3090 4405 3520 1932 4636 2675 1168 3424 787 1480 3502 126 772 1984 4807 3375
4785 2614 3034 501 96 4117 500 366 516 3559 4831 2203 1937 4095 2825 1012 3518 1093 3281 2147 2379 4357 3508 4361 1002 980 429 4032 690 3481 1324 1591 3789 1460 1677 3819 4012 1462 2449 2624 2641 3996 2042 2124 217 3673 4071 492 2077 758 2039 534 4141 2769 723 738 4173 512 4348 3397 2996 2656 4980 3363 4495 2158 4848 4888 1629 3889 555 1972 2523 2010 1606 4809 1944 1458 1130 3434 3674 1510 2280 681 1423 1017 2808 4285 984 4623 1919 3807 3512 1769 2020 2847 1802 2057 176 3368
3040 2100 317 228 4264 2647 1487 1629 3073 967 1864 2538 435 2569 152 4378 3580 2266 1601 3463 215 581 3720 3234 4816 2767 2703 4896 4762 2784 568 3206 3217 81 4276 4638 859 4956 82 573 3448 844 891 176 1771 2962 4241 963 4297 4257 1168 4437 4495 4391 4389 2628 3648 608 1123 816 1435 1768 452 455 2883 1677 4172 3108 2936 1111 1010 4949 4226 2645 2960 3344 422 1669 1905 2368 3794 2496 306 1378 2066 280 1577 1638 165 2246 3394 2501 2385 1932 4001 110 346 1740 993 636
2938 4211 1291 1376 4291 1302 3714 4374 3456 2391 379 4854 1145 4892 2891 3050 1141 3164 152 3455 2098 39 1457 3354 3288 2873 4458 1376 2875 2466 3383 90 639 2557 137 3075 2206 1699 2927 4639 461 3411 2076 2377 4229 3297 1150 201 1493 4304 2519 305 1180 3645 2140 1643 3756 3986 987 3305 1610 2427 3121 2008 4506 4504 313 401 2160 1167 1609 901 881 3438 1959 4485 1000 3786 4216 868 1588 1159 3105 1585 2302 3229 1831 1596 809 3947 4736 3452 4666 4434 4372 1059 3991 2361 4574 3847
2612 2560 2941 1014 2600 3483 4232 717 4878 1557 1358 669 2840 3270 2338 4547 3461 4147 469 1514 3155 385 4718 430 2016 3397 3652 32 2674 643 3733 1049 1767 4185 4247 4557 4670 2422 4627 2774 932 2261 4953 4258 4803 856 4255 1258 1269 4003 4795 1383 3638 2255 3848 1899 1263 3415 861 1017 31 1074 872 2739 2508 4909 210 1878 3583 1708 652 892 350 4845 40 686 3027 4978 4002 4883 1305 249 917 3865 2086 4705 2914 3623 3844 1755 4147 76 2706 59 173 3520 2808 4241 252 2134
2744 2536 3384 1634 175 3003 4541 3292 3794 1359 4105 3177 2150 2857 4783 4371 3215 3404 2000 3965 3474 2887 2721 2204 2111 4785 3367 4829 190 3930 3903 263 4131 2983 1274 2189 4979 3657 126 3387 2334 3347 496 897 3031 1182 1972 3569 750 3651 375 1337 2726 3573 2156 1134 3418 856 3099 3661 3427 3722 1824 3375 1813 300 3743 136 4744 4060 4157 4388 2921 3259 1897 1591 4080 3606 1746 4927 245 3139 2354 3849 4556 730 3448 1324 751 853 1084 2413 995 4054 4691 2008 3594 2363 2194 3369
2375 4984 3214 4356 3929 2322 1274 191 3982 3659 3115 2385 3665 4367 2573 2439 3031 1162 3745 3843 1194 3476 3710 4209 944 1010 1499 3920 3030 2393 1223 481 1086 2521 951 3856 2345 765 4278 1340 3341 4875 708 2124 1182 3004 1829 2847 643 129 2194 792 4464 1855 141 4749 1593 2394 613 42 4710 2418 3730 1319 2761 3683 4274 4219 2420 3927 4226 819 3144 1584 1176 2291 2561 1845 4085 1735 2117 3019 1920 3614 859 1917 1917 1812 4440 1073 4413 2147 308 4472 2983 1637 2531 4386 628 1425
4736 2444 3665 3111 428 1679 4933 4401 2524 1662 4585 4745 4929 444 1303 897 2840 439 2891 4651 1681 2549 743 797 1021 3785 347 624 3937 2866 3729 4974 4264 1289 4359 717 1612 325 725 3772 1117 764 4006 889 1194 4680 4091 1413 1923 3579 4179 2261 4066 737 1071 3526 1846 1585 497 2539 703 3719 3509 614 4384 2881 2384 3257 2221 3332 5 3791 4118 2794 2894 4949 4508 346 4224 4758 4737 1445 3095 2895 4692 1624 1520 3960 3865 1115 3654 3100 1799 204 3571 3469 4491 3521 1232 1966
1979 1488 2785 575 3732 2429 3503 655 4508 3728 1377 3713 1284 15 2237 3933 453 2439 4543 641 1220 163 3004 4852 4608 4343 2041 24 2079 780 3268 3985 2640 1847 172 4702 2572 3776 3261 3243 1382 1868 3923 3664 889 4936 2824 4754 3065 4507 1296 2604 4321 4094 4145 3778 4884 4330 4385 4561 295 4622 415 1094 1739 372 4748 634 2504 3023 3874 1438 2157 180 3426 105 4533 4537 3724 4435 443 3094 63 4781 734 3503 3360 2992 767 4875 575 2294 3215 4612 2918 4593 4342 3435 3843 2670
4502 271 3708 1100 182 4010 1274 4671 4330 144 2982 1220 376 413 3087 3281 2965 210 622 3619 4950 2020 4225 1410 523 1537 2204 2461 4093 3375 2678 3589 2409 483 102 2361 3676 2371 4014 1830 3590 3849 840 2632 75 1556 4990 74 4740 44 4670 4118 1829 3186 3761 4513 3679 4842 4117 4830 789 4670 4864 1317 4060 920 3077 3016 996 4555 3939 3298 2123 327 2568 4661 3841 1287 4054 1622 942 2608 3220 1782 111 2233 173 872 1495 3530 845 386 4530 3754 2231 3138 2805 3225 4795 4462
3209 2814 389 808 3487 2478 1426 1172 2141 1066 3340 3256 1166 2971 4308 3631 2576 3669 4494 1705 3423 4637 3624 2019 591 3104 2141 2526 2598 1458 542 239 272 3616 2936 4306 3012 2586 3729 924 3268 2872 75 4796 3706 1968 1947 1644 885 2954 4979 3450 3323 712 1435 3413 2505 3973 2247 2183 3093 3432 1274 2118 3980 3205 4880 4046 3176 1232 1761 3575 1001 839 2169 574 4901 1260 3324 226 4018 3115 487 5 1351 4734 473 4886 1931 1083 1385 3327 189 1638 2273 2984 1818 3624 104 1623
2869 1852 542 465 1737 2642 296 3394 810 650 4779 3005 3394 4758 3557 1736 2143 2004 4615 4616 3497 983 198 2956 3746 3425 2033 4832 1638 2511 2821 1793 4137 4809 1220 2639 2904 1684 2925 196 2903 2862 396 4032 2162 622 4986 3735 303 1917 4767 207 81 3709 3316 4249 3999 4820 4941 3691 4123 4292 4323 1888 3223 4819 4544 1333 2321 2282 4340 2065 4175 2341 188 4392 757 3942 3746 1780 428 1430 2991 4569 1164 4992 845 346 1490 2659 4602 4125 141 3805 2750 120 3954 2071 1493 711
2088 3473 2768 532 2118 2986 2654 2137 2040 827 576 3100 4712 3409 1323 359 1769 1246 4126 4924 694 2659 2442 4306 4937 4428 4329 4318 2992 216 3048 3064 3290 1507 566 4169 4696 1674 4359 870 4054 1154 1922 2940 1576 197 365 648 273 4682 2154 1137 4463 1328 1827 3501 4099 1470 3042 4012 1212 890 3467 4909 2523 2581 986 404 4649 2880 105 2196 4660 1997 4426 4574 1872 827 1235 302 459 3911 2263 1015 281 3284 289 3115 3126 1832 2699 2960 3026 1866 2836 4194 4774 4123 2816 3289
1397 4752 2426 2631 141 4993 997 2840 2461 633 4568 4126 2032 1035 655 4568 568 2829 2670 3511 2014 268 2985 957 3190 788 4214 1514 2183 3073 1196 3660 1551 1159 445 2082 686 3250 3503 1645 3721 2747 1936 1548 1191 4744 2071 4354 4392 1455 1448 3854 1961 4230 79 1087 1011 370 2606 4330 3620 4203 4953 2010 2157 2888 4687 2330 4842 2876 2851 1753 4841 3332 1624 883 4794 2083 2011 3400 3101 549 1202 1788 4504 1660 1243 1267 4879 1354 3407 2486 4318 3132 4581 2525 2539 1711 850 2075
1790 4595 4350 2961 874 2776 4107 1912 1741 1224 3751 2639 603 2211 1616 3020 905 1945 4519 683 2301 2456 781 4841 2691 4386 2266 659 1987 4009 4660 1448 1646 514 1804 4375 2030 2908 5 735 261 323 4550 4945 4046 2558 983 747 720 4705 1456 1604 3913 3479 3884 4912 3551 4015 2564 1863 4298 2794 4609 1334 341 1799 2833 4497 4339 3411 1387 3475 1990 2672 4357 4092 4834 4617 3234 2149 2088 111 1706 955 2591 427 3297 1398 4853 1577 1889 2501 4092 1869 2659 2152 2663 1492 1577 218
1595 2378 2023 4025 1019 1171 2480 3954 4763 1696 3181 798 2038 3257 2528 3611 995 3777 1783 1648 1266 4250 2283 1522 2557 3518 2848 1508 2985 543 4383 342 2324 2820 871 1988 144 1392 3107 3985 605 2768 3525 1009 798 57 1527 1000 1513 3340 2426 2842 2738 1663 1848 1064 105 626 139 3187 503 2626 2881 1137 3032 741 855 1017 4914 2611 2722 884 3813 4677 4124 402 714 36 1995 70 4765 4401 278 2464 295 285 3377 125 4396 1660 2585 3140 2164 3114 1921 3575 1477 4578 3705 1124
4341 2839 144 184 557 825 744 2647 4593 3759 136 2434 1196 3683 4088 1901 4960 3798 2485 2155 2443 4936 3740 857 1053 4420 1259 2733 3110 3774 2811 4369 3060 1826 2114 1199 818 3578 4301 170 4989 3900 1250 1710 1352 4294 1947 2982 4423 4935 287 3424 1728 1435 2978 4751 3813 1146 4277 2933 2814 1685 4288 3707 4748 1294 4612 1078 4824 844 1341 3407 218 4744 1036 640 4790 2263 259 878 952 587 3682 1255 1352 1896 1463 386 1233 4193 4209 53 4955 196 3893 2102 96 2617 2017 4514
4764 1370 974 4204 3621 3839 1676 4379 2002 825 4333 1706 2192 2024 4923 3029 432 4484 4261 4717 164 3316 4588 4568 1544 2311 4453 1024 2933 4557 4711 3366 2088 2872 731 1563 3594 316 2620 1523 3744 2529 4996 2846 2115 4201 3518 1820 1394 2418 1234 4541 3603 3769 434 4874 3872 641 4420 1091 2662 1967 3696 1134 89 635 3473 1552 524 1725 4400 2540 1629 3273 4132 2549 4052 4361 4438 1986 2419 2710 2705 4469 3457 4379 951 127 3465 94 3550 3052 4440 91 4481 1806 3828 4070 4987 1449
847 637 3374 930 451 928 1777 917 3471 4734 3665 4497 2072 405 4854 1002 531 1726 2846 523 2718 1586 2279 4966 2430 3877 2038 4498 459 4974 3573 3440 4360 4487 3256 570 2447 3176 4176 4623 3114 3034 313 871 3483 3794 838 3016 28 4685 2581 747 4859 3066 3636 126 389 193 146 4767 4492 4278 4379 4865 1483 1825 4355 4174 1806 4941 3652 3554 2590 3139 2171 4143 4378 1082 3796 1866 3737 4253 4646 2746 4132 3858 1272 4424 3569 4106 875 4415 2625 1850 1258 1538 1763 973 3 4964
3402 3692 3905 240 1697 731 2819 1549 295 4912 1532 205 3142 4683 4589 2899 1525 1725 848 399 525 366 611 2976 2576 199 540 2852 4349 512 2164 3095 32 3376 3348 261 4415 2767 676 1678 3656 2809 3619 4597 286 1529 3200 3236 442 2439 2535 4256 3133 3536 3119 4981 2427 3112 4632 3374 2812 7 465 4219 1037 3533 3176 1935 4451 155 3819 900 3727 72 2339 3070 1197 2620 3137 3265 2791 3828 113 2391 694 907 2386 3370 1672 3610 351 802 4109 2420 4592 644 4955 280 1057 3184
3770 2771 3076 1573 674 1289 2947 1595 4896 3512 1189 444 2312 1386 4706 2239 4412 2437 2906 171 3186 2776 2911 4189 4315 4076 4691 1918 336 44 2795 941 3071 115 1299 996 4972 4305 868 2672 3203 4513 2568 3162 4673 1594 238 4806 2314 216 561 1429 2020 3310 2755 4763 1203 4139 423 3422 4758 3950 2315 969 255 4174 508 1069 3200 99 2412 2027 4113 1787 422 872 1286 4522 2586 2581 492 3897 2020 754 412 3961 2751 1999 2112 1508 1799 735 2827 361 3268 4681 2598 2522 210 4244
3388 4179 2829 1870 694 2730 1442 377 4763 2373 3561 4018 4375 1852 551 1312 3381 1508 4472 3782 3791 4477 4609 253 3730 3073 4906 2729 2983 506 4946 3413 659 3478 3694 1869 2200 425 2098 761 3500 3528 2776 4337 3079 325 3045 2650 4195 4852 4416 3035 4292 2801 4263 2340 1542 4019 3098 1124 3366 1249 2064 2556 1209 1520 4648 334 2328 1430 552 3932 1269 1318 153 4774 143 2912 1300 3796 2057 2596 4861 2627 482 3475 4894 3024 4437 266 327 3191 2296 1228 608 4030 4289 979 2049 2563
3077 467 3801 2862 3106 2755 1450 3036 1940 1809 4374 2962 325 4216 1283 1746 1261 1097 3097 1877 2298 4179 2061 1749 3720 8 3550 1206 2393 334 628 4544 1144 1974 2664 35 264 1588 4295 1384 4225 1020 4392 1752 3706 5 4533 12 4506 3813 2462 2496 4464 4633 752 3484 3627 959 4373 992 2812 2082 1229 987 1688 849 235 4944 1457 3604 4530 918 4195 4572 3830 979 1804 2431 535 2244 3493 3452 855 107 1829 1521 4037 4078 141 3030 1058 3872 2270 469 89 3286 1518 593 1828 2328
1010 1136 913 4305 2853 879 3539 4501 3127 3568 4197 431 1921 3410 3089 428 4 3886 4087 2703 1449 3369 4417 4770 4819 4426 4723 4533 1817 114 4744 1095 3703 3995 4983 790 4236 4271 908 3860 2199 3822 2195 536 714 4899 1344 4702 2249 1884 754 4164 2188 3420 4774 1026 4567 1366 415 406 3659 1568 2234 57 37 3794 4824 2217 1428 2681 517 4171 3488 493 2806 2324 310 1363 968 1397 1712 2376 1810 1337 2249 1283 4756 2013 2614 1196 609 3851 632 2815 928 2050 1566 1328 3465 4981
2544 4386 1818 278 1678 3984 4481 3207 2830 4366 3092 2861 3301 3341 3740 4194 4045 3361 24 1397 3820 777 1958 2544 4677 4019 700 2038 1528 2881 3997 4071 268 3596 2423 3225 2813 491 1065 3629 4752 3312 329 2155 1884 2335 2331 194 3011 2404 4758 4696 2781 2120 569 4202 4677 1695 2875 1026 533 4186 2448 2370 4189 524 3951 3873 3137 4883 2232 2009 2696 3676 1299 785 400 3363 300 2614 3047 2942 1842 3937 4637 3453 2910 3717 3557 17 1001 1120 4034 2766 1023 3940 3039 2590 1191 4536
2862 1691 3556 815 113 552 4742 269 783 2788 529 1058 4663 3125 104 1260 1848 4845 2914 2333 3129 4972 362 4110 3380 3065 2740 2686 3253 1046 3691 3716 1408 3591 976 1125 2104 2998 1773 4058 3308 2719 4992 3145 2645 1243 843 2462 4578 339 3736 3517 2572 4555 1825 4967 3638 648 501 1647 1619 96 3623 4256 1499 2588 1785 3029 4777 876 1374 3012 4292 1671 1580 2440 1437 2301 3176 2585 976 1004 1124 1002 4131 339 3611 3735 1491 2551 1734 3193 3430 3191 2711 5000 268 3686 2186 2643
4086 1260 2947 1111 1401 2169 4322 1738 1804 1984 2315 1331 244 4083 2922 1632 4201 3721 100 3290 4777 4000 2337 793 2706 1417 2726 1952 1509 3023 15 781 3814 4915 4945 1471 2056 1160 1509 4764 3437 4718 1256 3062 203 4413 55 2674 3114 431 2616 4133 3034 218 3100 1162 4810 936 1121 4564 763 797 4572 237 4779 3829 1507 3673 1461 2776 3153 2818 1149 2379 1218 3672 4273 52 4182 2053 4780 546 4955 4106 644 1470 1354 802 2619 1458 3620 1657 322 124 3782 1376 4545 158 4223 3560
3724 262 4058 239 2824 741 3326 284 2259 4367 3595 4524 960 942 2368 4335 2330 2394 3216 2794 4952 1185 4371 2873 3695 2727 3056 4161 4845 2050 423 2999 3425 1189 2572 4009 2841 4671 801 1999 1371 1375 4027 4828 1357 2711 164 2255 3543 3090 3361 2177 2206 1306 3057 3826 4716 290 1078 2133 4771 61 912 764 4865 4138 4956 1217 2260 669 92 3347 926 258 4049 305 1844 1968 1707 4510 3089 3128 2681 3865 2896 4801 1331 4607 2878 1282 404 408 1814 1803 454 4315 4462 1776 1374 550
4886 4506 4422 3382 4833 428 3497 3855 2700 215 3865 1128 347 4227 236 2671 643 1546 4445 4564 66 1018 927 3581 3674 4888 4452 814 1373 2699 4260 3650 627 4852 1665 2066 3438 752 671 2585 926 1607 4433 378 1905 3532 918 2766 3418 4089 4371 2870 394 3271 3562 2937 84 2159 1760 402 3426 3320 3852 2258 550 645 4642 1357 4523 698 264 3691 3385 3555 248 1254 3735 41 932 1123 4458 2962 1896 1167 1868 524 2337 4503 2824 757 3548 3420 2218 4458 553 105 1532 4867 757 3050
3370 4279 1823 83 2671 4113 4570 3130 480 3518 2225 1626 2863 4833 4266 253 322 645 4817 4653 1033 3471 69 3279 823 1094 407 708 1784 3408 2278 1981 1449 3210 2184 1883 4332 3219 1507 2905 4882 2077 682 46 1803 3970 723 2354 466 4223 4165 4661 2140 2847 494 4359 671 2767 1059 3567 2198 465 3137 2091 2690 983 735 1328 2653 734 1063 263 3776 1613 434 4284 2109 3712 1152 3516 2574 2781 361 2403 1196 1906 925 2312 84 1729 3519 3021 1812 258 4609 798 3507 747 2169 1245
4662 94 2169 968 4766 895 1117 2640 3711 2201 4661 2398 3452 1180 3185 4364 2182 2076 68 1686 636 265 370 1867 4619 3919 4403 2468 4998 1394 3137 575 818 1991 806 4080 824 2985 1247 3829 2750 815 3149 1885 1695 207 170 1132 4605 1249 2680 2309 3409 2650 1525 1277 1738 540 3555 4776 1473 158 2620 2122 4461 4085 4346 2212 2730 2727 356 1256 4781 1463 1301 4939 4514 4578 1727 3615 4238 1077 3789 2050 1593 1817 3326 3310 3155 1500 4564 110 1695 189 2140 4641 3348 3980 2873 294
1456 2028 2377 101 4176 229 897 846 2923 1538 556 2464 1037 4668 4863 2519 814 3233 2360 1363 362 717 2876 4746 3740 2459 1175 2033 1707 4992 4302 3740 3671 3396 1305 2183 3964 4741 3973 3120 365 938 4326 260 2140 3650 633 2378 3510 1727 3679 1984 1156 4650 2581 1424 1635 3051 392 2942 4509 180 4719 2409 1777 852 3649 2699 2525 3027 4357 3623 4172 791 2760 2974 2874 2394 2992 1950 4147 2413 4975 3680 4500 1342 1004 4572 4666 2905 1564 4219 2671 4710 2638 4785 1667 4095 2211 397
2486 4739 4404 1990 59 4300 4886 956 121 2018 4064 719 3611 3090 1093 2504 3503 4222 4933 3931 2644 362 4902 2501 1284 2288 2824 792 3121 3697 3013 3016 940 1033 1463 4505 4856 2901 972 543 589 3964 2829 2082 4313 1263 1796 1108 3329 4527 4123 416 4253 4681 234 56 1609 880 3216 1579 751 367 3139 353 3746 3705 3186 4109 1454 2135 3399 3446 3211 2701 2682 4753 2705 354 1225 4855 3701 243 1580 3623 4473 2363 196 2519 4745 1144 595 3884 2465 4012 4831 3124 2101 2983 2161 4436
2809 694 3570 2563 3727 18 2012 1714 4814 4183 1958 182 1343 2327 1642 908 2907 4035 2673 3071 2585 4557 4230 2729 364 4581 4703 1620 4008 2686 3855 4180 1405 1892 2633 2051 4220 3301 2728 4048 4590 4681 1713 2309 2828 2975 3242 3771 249 2789 1732 3500 4220 3443 963 1797 98 277 2710 1518 4904 2820 1178 1167 4526 4391 3905 57 3207 4067 3431 3263 3508 2892 3701 3183 4656 1039 3927 2168 646 4846 2273 1297 1799 3798 4358 3212 2536 2273 1368 2310 2241 3051 2884 2427 3232 3731 732 1770
3251 4248 3792 4859 3804 2381 3679 3089 1574 442 1759 1408 1262 1257 2228 2699 1430 1786 1509 2994 3611 2611 3258 3295 1517 4976 4825 3435 2551 3651 4304 4066 2780 1120 445 376 4858 3503 1730 1950 243 870 4604 341 37 995 3066 1350 2180 4099 3898 4275 4989 4146 2007 3014 4923 4455 4231 2404 2263 1059 1081 1949 968 2006 1260 154 498 2510 4130 1059 3306 1734 4731 661 231 3319 1494 77 533 3213 4706 3772 636 4480 1155 14 885 4492 4120 1584 3364 2952 2745 1998 4920 1680 1671 2406
2568 1391 2371 1388 4472 3949 4984 4379 3577 3289 3116 4365 2534 2451 1801 2903 2026 3297 1371 3820 4063 3187 3866 1189 1066 629 1318 4905 883 4001 3842 3943 416 1726 4154 2325 2928 1345 4998 3763 621 1966 401 2866 443 4187 3 410 69 3417 673 1292 310 880 1239 453 2125 3158 4084 4076 4098 1788 2083 1145 3126 4686 3170 2401 3359 820 2371 2570 2512 4473 4488 143 1671 3663 1331 3544 4863 2277 2475 2778 2478 1015 2491 1726 1409 3544 4085 4665 388 2695 2844 1768 246 1403 39 2741
3536 3899 2921 1210 4030 327 3069 105 342 2845 2638 4125 4334 3209 3925 9 786 604 1220 3995 1443 3327 3143 4221 1387 1548 978 232 796 3665 3925 3036 4680 2034 1317 4033 227 3923 348 3019 3021 3943 1224 2102 2996 255 1657 4734 2687 4002 2836 1200 3485 1645 1917 1875 2979 3696 1521 1861 772 2965 1529 4580 1282 3837 3626 4185 387 4585 4426 3626 2472 1210 669 2749 1079 4141 4613 2612 2696 4935 2952 2282 644 4496 1419 1432 2673 3343 4493 4660 4338 131 3646 3782 1403 1472 510 3832
3707 1774 4874 3778 1938 930 873 2192 2706 1903 612 272 4018 3589 3668 195 1580 1284 4406 4360 4760 309 4817 4223 4050 3589 3696 1273 4671 4791 4763 4657 405 797 4216 2119 2584 1563 2495 3857 2264 3360 4995 3446 1080 3849 940 241 18 1972 4161 1678 493 3542 1202 652 584 3217 580 3239 4273 3406 4502 889 3742 851 3121 52 2141 1273 3308 1902 1599 3676 445 2322 623 4120 795 1543 1480 1532 328 751 3084 758 4604 1838 4737 651 4853 4013 3541 2857 571 978 1115 2747 31 694
1438 4536 4356 1922 4978 1000 4566 399 3698 4356 4870 4193 4611 4993 1727 4215 1904 1185 3355 105 3927 4646 4231 646 4768 3587 1070 3970 518 3969 3160 4112 2542 723 3563 4577 2589 1823 4178 4081 3110 2506 4257 3603 1072 1134 2571 2329 2045 4970 3947 634 1383 198 246 1151 3838 498 514 339 2037 178 3144 959 2490 3656 500 2320 1811 1958 197 3886 4878 3918 912 3761 4889 1784 3903 298 249 159 3351 2827 1718 4064 4511 3380 866 2600 1116 483 642 2690 1426 631 4573 4889 772 1457
