1000
830
653
986
100
737
811
822
628
840
820
847
102
967
247
522
681
18
453
977
536
844
45
526
173
523
795
661
389
819
246
93
436
224
89
136
486
346
95
186
560
745
202
579
234
581
358
966
545
281
223
592
359
846
304
437
23
802
176
772
866
454
498
231
76
248
965
902
640
411
154
138
377
510
856
511
541
540
692
741
339
719
868
852
367
328
43
362
381
84
16
225
188
767
39
439
631
932
280
473
11
667
834
552
165
197
450
445
527
249
801
400
431
567
482
470
422
753
710
823
642
503
589
333
974
979
463
363
948
51
64
798
596
850
764
619
331
87
792
126
168
326
907
276
851
610
52
524
40
585
311
354
198
512
547
657
758
220
241
429
324
829
857
128
235
366
732
760
641
504
754
4
408
302
160
696
742
507
882
314
897
30
47
664
125
78
860
9
505
950
72
985
267
993
171
356
286
666
572
848
837
79
468
487
86
689
788
169
943
909
222
725
261
938
129
216
812
446
587
240
880
537
132
762
35
999
826
294
472
423
370
867
849
205
183
766
903
410
227
693
251
353
843
759
738
49
565
911
271
562
493
272
321
727
46
185
495
532
111
813
386
348
564
426
957
376
774
544
797
127
21
469
917
517
874
563
520
658
464
674
796
199
332
137
425
352
368
650
483
833
393
662
677
556
533
958
22
438
921
894
491
260
196
371
709
383
807
905
757
744
369
430
73
651
702
777
731
561
316
598
283
502
784
623
571
399
253
103
997
918
203
334
254
492
783
550
963
218
263
751
340
924
683
212
509
723
646
900
480
265
417
10
707
466
275
987
259
266
44
349
790
578
153
116
735
375
637
995
322
174
945
159
82
151
414
912
613
930
392
990
416
452
12
865
2
659
831
699
315
420
278
652
633
611
973
63
776
606
397
914
33
330
853
669
749
680
297
925
656
962
59
721
476
131
639
675
750
409
118
447
238
440
875
448
969
195
258
53
337
441
434
685
769
284
746
335
941
120
649
933
465
736
91
824
242
319
14
655
327
489
264
942
896
729
406
647
515
94
471
56
378
150
980
161
57
889
488
418
521
460
388
255
878
616
307
859
597
935
586
134
906
577
715
936
8
535
140
166
617
341
814
405
516
435
190
210
964
873
298
77
180
580
908
557
805
855
879
931
584
582
292
518
6
432
618
421
883
239
211
594
614
940
534
890
952
372
384
690
360
394
645
484
390
444
494
621
344
70
28
717
895
90
26
733
787
401
800
88
309
569
714
743
306
937
74
553
554
299
654
391
607
229
944
785
904
920
320
257
228
891
201
913
364
62
455
698
459
835
763
80
479
773
602
893
508
622
157
329
756
608
730
605
877
237
112
478
274
37
217
923
387
781
474
989
296
66
107
916
529
462
634
927
832
892
451
548
293
317
289
678
501
204
635
382
143
226
810
115
778
629
164
828
728
290
343
192
672
318
92
858
809
976
983
461
413
706
968
395
403
312
665
701
720
477
817
793
75
703
355
295
419
712
682
984
380
808
467
842
175
573
644
433
244
208
101
269
747
285
245
694
528
771
69
60
7
862
711
663
841
946
500
671
105
96
83
583
25
67
13
734
142
870
351
816
972
301
643
939
599
542
50
449
786
780
17
919
182
506
791
885
402
71
538
806
232
36
558
620
308
861
158
110
713
189
992
1000
591
863
549
481
722
684
915
310
29
81
113
949
497
740
519
61
971
687
98
898
145
141
119
54
978
191
821
934
152
457
630
146
625
27
135
636
148
886
609
144
243
929
961
162
869
230
19
884
994
106
130
490
555
85
566
695
570
117
404
827
20
184
215
170
705
303
123
219
147
981
982
338
648
305
956
928
872
876
236
632
818
686
864
700
601
953
412
163
270
396
114
627
748
287
347
588
799
539
525
350
660
970
361
282
277
604
256
193
407
804
673
155
716
427
543
575
887
385
726
442
209
177
951
109
398
300
32
854
612
55
954
794
336
815
955
718
960
546
97
752
530
574
926
373
250
688
288
178
443
279
708
724
593
179
768
496
3
838
691
41
167
755
603
108
770
365
15
595
739
996
206
679
34
428
475
697
273
42
323
68
825
499
839
121
615
576
31
901
124
268
531
1
156
48
325
200
342
600
233
424
485
221
765
65
345
775
291
871
5
214
947
149
668
988
187
514
881
357
910
803
845
551
38
624
456
559
99
458
122
139
676
704
313
374
899
379
172
761
638
590
262
975
991
782
836
922
670
181
133
568
626
789
998
104
194
24
252
888
213
207
415
58
959
513
779
883
51
859
40
644
262
387
518
928
894
394
713
657
191
343
300
879
263
403
75
5
889
783
490
732
408
801
934
281
429
594
582
886
969
698
789
784
183
668
382
639
890
192
385
612
919
83
753
101
665
161
496
754
721
818
4
836
235
333
766
292
151
595
996
556
401
609
942
678
897
452
856
548
417
764
17
553
786
199
167
326
28
778
534
804
545
869
301
911
399
559
449
207
562
8
464
796
715
528
822
751
352
305
509
362
437
350
77
779
306
813
214
697
664
20
511
982
992
9
16
456
421
450
479
94
483
388
461
547
250
875
98
398
592
31
224
688
962
383
615
854
827
99
541
24
896
220
329
223
114
184
453
645
405
544
948
983
291
752
625
585
617
739
287
18
134
621
440
221
973
938
741
499
974
634
945
540
299
260
769
488
55
70
791
638
180
620
432
216
135
990
146
908
351
217
826
354
15
946
12
240
512
1
872
744
795
232
817
596
550
912
729
675
685
376
806
470
954
738
767
186
646
682
435
587
407
25
696
527
838
396
273
640
692
268
65
348
416
100
66
651
251
286
694
800
370
673
480
234
198
177
120
372
808
863
495
6
342
147
243
536
110
188
365
355
787
257
702
395
284
597
400
986
489
117
628
865
466
533
749
882
589
724
824
757
782
434
717
951
213
689
90
943
914
248
195
629
1000
137
253
91
425
606
275
507
228
412
60
270
523
194
504
41
743
59
109
451
176
155
497
323
980
700
714
797
723
439
132
907
422
898
33
707
684
624
247
522
97
468
139
441
989
375
21
828
630
371
32
427
360
325
236
770
849
643
965
302
910
873
68
113
379
148
469
392
26
53
895
885
994
771
69
780
357
336
925
436
654
295
631
616
34
755
798
956
641
430
47
561
793
282
676
330
93
187
759
834
602
674
226
931
537
481
567
563
45
298
150
811
909
133
218
474
283
124
680
825
37
837
11
599
653
193
593
658
420
807
181
958
762
573
85
331
926
205
637
719
683
735
853
127
447
669
476
940
691
740
746
777
494
949
530
706
976
568
126
170
978
19
727
748
502
935
613
816
459
89
953
463
211
971
941
929
227
952
185
128
212
728
52
182
367
815
944
22
332
467
229
758
267
871
608
887
35
526
81
799
855
67
760
662
359
891
473
603
773
356
671
648
153
750
564
334
785
812
626
722
821
927
667
923
115
239
203
445
820
105
699
995
932
390
839
173
581
716
554
957
763
981
62
794
987
647
736
209
677
524
997
377
78
560
160
361
84
202
254
106
290
358
774
920
790
131
903
460
289
649
905
241
546
693
939
215
27
166
531
130
322
491
3
842
999
168
529
454
314
584
426
542
809
374
57
565
570
551
915
860
119
598
61
731
276
442
208
346
190
967
924
514
577
655
610
163
768
411
893
419
278
623
255
315
635
788
852
471
391
705
847
775
324
888
72
930
42
516
285
642
219
734
947
831
966
378
189
845
108
521
532
162
539
73
349
840
344
745
277
586
984
656
74
538
848
513
230
590
636
477
49
444
575
76
877
210
950
922
82
123
571
272
607
681
870
472
271
851
517
307
389
313
861
916
500
970
709
345
116
165
122
320
304
196
245
505
264
959
310
172
900
580
756
145
29
154
458
985
152
118
104
149
661
572
233
878
265
687
86
498
558
246
901
242
140
600
866
810
814
328
552
175
293
867
178
802
317
156
913
413
979
201
493
776
159
703
857
622
737
519
406
423
36
266
708
341
296
555
43
129
619
252
380
601
103
197
832
633
543
880
465
353
237
960
968
428
363
321
312
819
747
303
327
347
520
71
121
204
904
501
238
574
368
96
835
64
805
874
733
171
95
921
46
249
730
288
222
618
457
316
704
338
742
446
977
311
843
933
936
475
712
844
102
409
369
337
244
366
14
506
364
955
711
486
261
964
259
138
583
384
225
652
484
256
164
666
535
269
902
961
718
143
448
142
998
579
899
726
431
858
963
144
761
611
87
418
414
443
557
670
492
7
44
725
136
10
107
13
510
605
397
56
487
515
660
309
549
850
918
339
591
659
792
39
88
690
823
50
862
174
569
566
297
833
485
393
38
830
991
404
841
846
279
881
2
892
503
158
710
604
274
438
63
525
663
169
424
906
319
937
781
258
433
373
23
478
993
79
111
864
508
614
876
30
632
868
157
720
280
386
884
975
402
54
576
650
701
765
917
988
92
415
455
686
206
381
318
803
772
972
410
588
695
672
308
80
58
141
578
294
627
48
231
179
112
829
462
125
200
679
482
335
340
